10
48 0
0 1 0 0 0 1 0 1 0 0 0 1 1 1 0 0 1 0 0 1 1 1 0 0 0 0 1 1 0 1 1 0 0 0 1 1 1 1 0 1 1 1 0 0 0 0 0 1
1 1 1 0 0 1 0 0 1 0 0 1 1 1 0 1 1 1 0 0 0 1 0 0 0 0 0 0 1 1 0 0 0 1 0 0 0 0 1 1 0 1 0 1 0 0 1 0
1 1 0 0 0 0 0 0 1 0 1 0 1 1 0 1 0 0 0 0 0 1 1 1 0 1 0 0 0 1 0 1 1 1 1 1 1 1 0 0 0 1 0 1 0 0 1 0
0 1 0 1 0 1 0 0 0 0 0 0 0 1 0 1 0 1 0 1 1 0 0 1 1 0 0 1 1 1 1 1 0 1 0 0 0 0 0 1 1 1 1 1 0 1 0 0
48 18
7 38 25 31 63 44 42 39 38 63 45 11 10 43 15 13 50 63 11 58 0 44 19 4 45 23 39 5 23 8 24 31 46 49 62 45 29 40 21 3 39 2 15 50 45 30 63 31
29 10 26 30 55 45 34 36 5 9 42 28 18 2 59 0 51 58 46 16 34 3 20 10 5 35 60 50 1 59 18 30 5 44 60 60 25 30 33 30 40 11 59 58 13 54 58 0
48 40 16 19 43 36 29 48 7 25 35 8 20 53 39 25 33 35 22 58 2 55 25 42 2 20 36 15 10 30 15 59 7 31 14 50 4 43 35 11 4 6 20 24 59 59 49 28
30 7 22 32 62 47 10 0 3 46 15 14 13 30 9 20 62 23 6 2 2 41 13 6 47 33 30 42 28 15 6 59 23 29 27 21 12 38 22 16 20 37 30 33 4 39 53 2
50 912729590
639901124 472640831 505351525 120113104 578488133 362469908 495319154 588295587 502271166 931087823 165674162 374549254 944745162 788534922 625336482 398272934 721638431 316239983 199858252 692748086 257570623 623171488 926747419 827328732 214186306 259205983 276387330 951068919 127389855 714643522 663798514 319807333 187284352 169150039 339920438 318288839 984136302 387755946 459100780 138923821 318843768 524774943 413473075 263588930 313309864 938809557 214378218 587464649 255049540 314236470
280212734 412620163 837407958 759476508 792465250 951594264 918682491 621368934 902663183 598588701 336012456 218978050 818396034 975813163 840644444 158316471 846618357 824780745 446072417 305719136 863704567 317432540 383010433 277177641 133537824 248836652 768503553 247916042 736301301 576069447 462152512 569030390 541205964 299560469 328506897 886187568 803671088 799705742 160072856 358850624 398294442 396085312 477828674 216690476 924414829 318473118 827523302 423549539 695770217 826112074
629268676 211991137 696060968 912279109 941685134 729598792 161115760 362705040 530031188 449933416 838774487 892183700 571480160 932496805 744260523 452503411 818684373 200447964 252209152 878757229 459298588 203019949 827358895 837127263 319710425 404290077 708116735 699750081 727839617 956403306 178378508 909624647 168394443 774439476 474420109 662595931 156554621 188052224 925300971 586585809 537985640 416591811 131285862 109465799 349088615 428062740 114485564 720289342 528510704 266694716
251562924 887809293 369714665 978921819 377452909 241941444 935728251 985569644 494207880 316084221 594489303 572586388 225708867 315400100 899542219 600128976 877996031 956096840 688181200 803297001 195199003 778683194 219888811 226484865 440665347 121493781 207063959 455150911 741783123 635574664 621845628 893346048 523383956 544076647 524784220 800836865 686018092 113028824 438922862 180225971 329113045 933412165 305328713 454821912 248812265 204870931 607467243 679324650 713484126 295648442
46 758
41 243 177 488 577 837 175 229 701 656 153 1008 153 576 51 923 626 291 723 546 109 188 37 378 873 30 154 752 126 134 485 167 379 663 656 957 475 833 161 151 464 316 136 619 892 189
518 495 480 216 17 589 404 56 968 255 86 99 1007 212 233 468 382 612 108 15 546 583 848 707 736 289 0 874 908 895 38 403 365 520 620 384 86 1 440 31 256 528 130 241 743 365
709 100 978 817 115 501 377 965 186 88 231 186 962 116 56 1002 520 424 497 117 810 585 118 228 617 377 756 749 618 474 90 304 576 45 98 693 546 475 633 732 565 866 921 504 985 979
481 480 380 980 599 166 540 719 394 134 71 125 884 691 602 976 997 153 1021 72 847 544 547 457 254 89 301 150 593 261 106 51 743 487 6 317 653 549 13 24 683 87 151 544 778 753
46 0
0 0 0 0 0 0 0 0 0 0 0 0 0 0 0 0 0 0 0 0 0 0 0 0 0 0 0 0 0 0 0 0 0 0 0 0 0 0 0 0 0 0 0 0 0 0
0 0 0 0 0 0 0 0 0 0 0 0 0 0 0 0 0 0 0 0 0 0 0 0 0 0 0 0 0 0 0 0 0 0 0 0 0 0 0 0 0 0 0 0 0 0
0 0 0 0 0 0 0 0 0 0 0 0 0 0 0 0 0 0 0 0 0 0 0 0 0 0 0 0 0 0 0 0 0 0 0 0 0 0 0 0 0 0 0 0 0 0
0 0 0 0 0 0 0 0 0 0 0 0 0 0 0 0 0 0 0 0 0 0 0 0 0 0 0 0 0 0 0 0 0 0 0 0 0 0 0 0 0 0 0 0 0 0
45 1
1 1 0 1 0 0 1 1 1 0 0 1 0 0 1 1 0 0 0 1 0 0 0 1 1 1 0 1 0 0 0 0 0 0 1 0 1 0 1 0 0 1 0 0 0
1 0 0 0 0 1 0 1 1 1 0 0 1 1 1 0 0 1 0 0 0 0 1 0 1 0 0 1 0 0 1 1 0 1 1 1 0 1 0 1 0 0 0 0 1
1 0 1 0 0 0 0 0 1 0 1 1 0 0 1 0 1 1 1 0 0 0 0 0 0 0 0 0 0 0 1 1 0 1 1 0 1 1 0 0 1 0 0 1 0
1 1 0 0 0 0 1 0 1 1 0 1 1 0 1 0 0 0 0 1 1 1 0 0 1 0 1 1 0 0 0 0 1 0 0 0 0 1 0 1 0 1 0 0 1
50 54
57 15 32 44 30 59 4 30 29 47 59 22 7 11 26 25 59 8 22 63 49 5 13 34 4 22 37 44 12 24 34 5 40 2 50 6 62 54 37 27 37 32 49 45 44 12 6 39 20 28
38 5 34 51 40 38 10 13 18 22 37 52 27 13 54 13 20 52 4 57 15 41 25 1 22 5 13 29 44 33 57 18 39 27 6 15 1 16 28 19 38 1 7 1 15 62 15 35 50 19
28 2 60 53 3 19 59 16 48 39 49 41 58 24 5 0 39 6 16 3 26 54 5 33 55 20 31 6 55 18 25 19 20 22 8 23 41 3 39 25 43 24 2 37 49 7 37 24 14 53
28 40 43 33 9 34 53 41 41 44 59 2 63 15 24 7 38 1 11 13 26 54 37 29 27 22 36 0 47 50 53 11 26 32 44 36 2 33 13 43 13 8 46 12 23 6 19 61 8 30
50 952799247
581531604 317652909 783927550 345080431 176830276 172130532 586843310 873463541 508210133 264329058 657855552 691160944 155874946 498175979 533180884 648536327 237939149 877751905 470115121 616932506 629628777 557675103 955751334 165664321 825888550 723301816 111824764 812951854 113644311 951006664 618267472 595175915 821175927 954711377 840256347 550522557 126841908 979616011 423986097 187568395 796461424 981841649 778729339 504852724 132533981 864426577 153389050 270473130 394694835 176020526
787405636 924323612 633695629 395673323 989987933 112100532 118975139 654329051 477568740 685135805 257852068 995836213 280311719 979027996 603063943 673084420 529550552 629905851 305216785 506053004 717474246 101678208 140411006 148719939 506530932 172944988 913146516 212436337 343418118 307841351 288456863 683340109 784681317 822152492 979013432 427185604 486769379 650504925 634031009 864338119 335640729 791883078 512690685 168468803 770911073 115754627 394069577 852977979 298176832 599286362
359030982 915651079 253480924 399441989 616887372 660011857 124903331 182550241 772448194 368321449 390391592 960905057 604177912 727589264 435573902 235707698 707291222 822343281 438728977 341322230 339197754 326886061 133205307 751888439 395354864 456632734 767643067 341940795 309610713 965819899 493743512 221158049 533987331 647224436 173116392 150874702 307236292 198019723 233424944 632200840 118857527 176332890 245622250 623035439 456438508 233712507 411259491 163729729 956055788 749988469
957568315 295253541 976874530 643289976 599658335 924745748 999922711 367301401 266686542 862049778 885637654 312946408 635724181 972141340 860170845 708840574 675532396 719923491 806860297 461473694 352124331 825717824 190322939 150262935 101269617 546761447 283975442 412529108 263007531 792547585 162517576 220575845 640317480 139392105 416382175 239975814 616654207 416304885 159793569 435857104 830871017 597947578 648803512 119111552 570088917 508974356 727952126 245621312 228897847 534812422
48 84
423 350 897 65 973 916 525 482 78 53 6 83 962 557 649 845 246 621 299 942 124 363 344 244 521 570 386 72 593 797 158 1018 122 30 60 72 948 586 555 1 641 561 87 578 93 736 400 340
334 701 257 459 40 601 703 563 148 64 635 743 863 795 739 985 825 801 33 751 364 588 754 1005 126 841 561 220 552 963 562 889 640 821 323 680 399 3 220 547 70 855 267 933 625 1006 896 427
783 929 155 122 494 910 103 620 726 666 842 256 604 379 120 219 177 443 901 578 448 96 102 520 953 370 431 555 351 302 985 111 208 115 234 702 0 339 299 727 1005 117 983 586 498 78 808 676
523 686 229 973 785 332 471 715 704 902 246 30 179 208 142 389 323 378 66 326 717 365 28 699 484 1013 262 983 68 45 634 593 734 865 543 494 174 1014 184 878 891 432 911 47 640 28 436 966
50 0
0 0 0 0 0 0 0 0 0 0 0 0 0 0 0 0 0 0 0 0 0 0 0 0 0 0 0 0 0 0 0 0 0 0 0 0 0 0 0 0 0 0 0 0 0 0 0 0 0 0
0 0 0 0 0 0 0 0 0 0 0 0 0 0 0 0 0 0 0 0 0 0 0 0 0 0 0 0 0 0 0 0 0 0 0 0 0 0 0 0 0 0 0 0 0 0 0 0 0 0
0 0 0 0 0 0 0 0 0 0 0 0 0 0 0 0 0 0 0 0 0 0 0 0 0 0 0 0 0 0 0 0 0 0 0 0 0 0 0 0 0 0 0 0 0 0 0 0 0 0
0 0 0 0 0 0 0 0 0 0 0 0 0 0 0 0 0 0 0 0 0 0 0 0 0 0 0 0 0 0 0 0 0 0 0 0 0 0 0 0 0 0 0 0 0 0 0 0 0 0
