100
100 3311
95984 99295 102337 105648 108959 102606 111496 114807 116671 118252 120414 126918 127809 130596 139139 147138 150449 150017 158431 161742 165053 153328 156639 163846 167157 170468 153760 142450 145761 133907 137218 168660 171971 175282 178593 181904 175282 179836 187217 190528 191029 194340 197651 193839 183147 197137 200334 203645 210249 211006 214317 211725 214005 217316 220627 215036 219929 224554 232536 239390 242701 242867 246178 249489 246012 235847 239158 227865 231176 223240 226551 218347 217628 213560 216871 206956 200448 203759 186458 131120 134431 130229 133540 123725 127036 121563 124874 119982 123293 118118 318645 325642 340932 348238 339119 92559 129637 131198 121046 99199
100 2292
124150 126442 128734 129123 131415 137618 139910 142202 140331 142623 144915 133707 148553 149302 151594 152090 154382 160695 167240 173413 175705 177997 169532 171824 173950 182679 184971 188835 189681 191973 193720 196012 198304 194265 194003 200290 202582 204874 196295 198587 191127 193419 187263 176242 178534 162987 165279 156674 158966 154382 156674 153886 150845 153137 285677 116704 124155 131606 137223 143746 152504 161262 145981 154739 144270 153028 161786 267283 275616 274547 265269 258084 245616 236899 226713 208502 216835 196930 191332 182644 190977 178272 186605 170322 178655 160668 169001 159342 167675 150671 159004 146594 154927 148312 136139 144472 136005 144338 140463 24696
100 3982
12488 16943 25159 29141 37100 41091 47257 54604 58586 62568 51239 64301 66022 72652 76509 83336 87318 85985 89967 93949 87324 91306 95288 91300 80491 84473 76634 80616 70004 73986 68283 72265 55221 45073 49055 41082 45064 33123 37105 29141 33123 20925 24907 16470 20452 80333 71643 99888 100130 100372 113456 119813 126170 117513 123870 130227 163222 172294 181366 40100 46477 42075 31059 162424 165993 172350 178707 171047 175105 181462 187819 177404 183761 168781 175138 179188 185545 191902 228072 232700 189735 196092 198837 205194 211551 202449 170795 105697 86789 206277 212634 218991 91884 86276 79386 54386 32283 13697 23123 3665
100 5193
97812 103005 108198 196291 112174 117367 122560 142476 132702 124298 129491 130605 135798 138597 143790 148983 140991 134684 133454 124820 119123 199180 102171 111557 161764 166957 172150 134736 144122 171445 176775 181968 187161 176638 181831 181723 186916 189553 194746 193370 198563 203756 199939 192109 197302 186916 192109 251607 256057 202980 208173 213366 205151 210344 215537 269802 274252 278702 256724 251687 231298 282889 287339 291789 216558 233703 238896 244089 205396 212319 201492 188906 195829 179451 186374 178311 185234 169567 176490 167817 174740 159113 166036 157168 164091 160348 155804 143177 150100 134042 140965 138843 132268 216078 220978 210661 215561 212420 195309 104866
100 3820
88948 90768 92531 93114 93755 97575 97706 101526 105346 109166 114144 117964 121784 121745 129747 139052 142872 146692 133567 137387 125565 139916 143736 148686 151173 151354 155174 158994 154993 158813 152506 156326 147556 129385 112986 105346 101395 96934 100754 96351 100171 94588 98408 92768 96588 138993 139018 133938 129758 122509 122534 114183 114208 262458 271685 280912 266869 276096 285323 94215 188009 177918 187262 168819 178163 167786 158824 157843 149983 556730 561608 566486 163803 153941 157066 150552 153677 144326 147451 136646 139771 323208 329995 336782 124716 120519 123644 296744 298313 302183 306053 127354 125459 127000 119570 121111 111154 105889 107430 101228
100 5591
59601 64455 70046 75637 65192 64845 74468 80059 85650 70436 76027 70783 319399 321614 321911 322208 319696 108815 114406 119997 117052 122643 128234 133825 122643 128234 279780 254194 251392 252612 142026 151224 160422 150760 142799 151997 161195 100334 95420 95475 85830 85885 83143 199611 207186 214761 207433 215008 222583 65143 65198 188198 188977 189756 191274 192053 192832 76773 69184 247568 255143 250263 251505 259080 255437 263012 270587 266655 257838 265413 262718 124652 111927 116285 110885 115243 105014 109372 102518 106876 102595 90294 94652 89034 75230 79588 64645 69003 63340 67698 316203 318508 318442 320747 323052 320813 311950 408979 79397 111894
100 7351
71802 79153 86504 90998 91187 83653 90464 97815 92533 99884 107235 105166 100106 107457 114808 109790 115660 121530 112075 106645 113996 113160 120511 127862 121347 86019 91889 286115 291059 133186 140537 147888 297633 154669 145301 154946 160581 167932 175283 162297 169648 121417 176695 170998 178685 186036 193387 188683 196034 203385 210736 196034 203385 178349 185700 116296 208262 216565 223916 231267 215613 222964 82592 231675 238036 232387 230477 234438 240799 247160 212344 217190 242851 249212 255573 210864 201128 194671 199517 187245 192091 290927 329615 326512 290592 296953 303314 293625 299986 306347 314310 107125 319825 325789 322611 328575 334539 331753 83148 85229
100 730
67854 68584 69314 70044 69048 69778 70508 68584 69314 73771 76239 76601 82439 88856 91942 92411 93141 101784 111721 112451 113181 102514 103244 93871 92672 93402 89586 90316 83169 83899 77331 78061 76969 77699 74501 75231 424267 174570 180890 187210 174147 155476 161796 150640 234708 236308 237908 235115 236715 238315 238411 240011 244291 245278 246878 248478 245891 247491 241611 227943 222203 214841 216441 215066 238015 244335 246901 253221 259541 250655 206586 208186 205751 146730 136430 138030 126688 128288 167718 160978 154163 158826 151262 141129 145792 140668 145331 142902 125477 130140 123456 128119 116649 309514 314634 316085 317536 310965 75621 77702
100 8472
74033 82505 76736 85208 81787 90259 98731 93680 90977 88200 92180 100652 93744 102216 110688 109124 97071 105499 112612 121084 115275 116593 117064 123342 131814 139165 147637 156109 139759 148231 156703 140286 148758 131814 140286 125536 134008 125065 133537 123747 132219 129556 113971 122443 105543 114015 96672 105144 108115 120359 115793 121434 113573 121498 129423 94523 120313 128238 136163 132593 136823 150942 156583 147934 155859 148713 156638 164563 163784 192084 154503 158733 162963 185367 192866 145495 133734 141233 51897 48648 51350 42650 45352 36125 38827 30058 32760 28555 17567 20269 91761 95854 82757 86850 73542 77635 77359 63482 67575 44885
100 5461
189976 195437 193758 199219 203990 209451 214912 206691 208097 209235 215967 221428 226889 214696 216734 222195 222575 228036 225583 231044 236505 233282 238743 244204 233440 238901 244362 242971 248432 250616 260122 265583 271044 256077 261538 264497 269958 275419 253893 233497 265156 273416 278877 276843 276991 282452 287913 282304 287765 284338 270617 276078 227656 220157 213558 219019 212152 217613 204680 210141 199219 204680 200898 88428 71617 79390 119373 128207 119540 177902 187086 176157 185341 183861 151346 126267 135451 124329 133513 114325 123509 108974 118158 117384 104722 113906 105630 87664 96848 80741 89925 85517 76644 67659 65401 64271 113321 103390 110223 104240
100 7456
51781 139807 147000 175395 182851 190307 197763 182851 190307 166214 173407 164668 188322 195778 203234 113526 106403 115315 110688 113686 122598 131510 119600 117566 119456 120003 128915 125984 134896 143808 137827 128368 137280 126478 135390 128512 124227 122438 107705 116617 98850 107762 66680 52825 173850 183270 192690 143552 79512 65316 285499 293020 166351 174170 178124 182001 185955 189909 182078 170305 174259 182051 186005 186337 193996 197950 201904 190291 194245 200623 204577 208531 189959 228353 220112 227986 229377 229819 229393 231970 235924 240604 248968 252922 256876 254108 258062 262016 244558 248512 239878 263871 267825 271779 112216 84882 91370 79476 85964 73284
100 4065
17633 21698 19126 23191 27256 25750 29815 35525 39590 43655 38926 43727 52662 55335 56394 58472 62537 66602 69401 76230 84620 88685 92750 87329 91394 96636 99461 103526 107591 100701 104766 95459 80295 84360 73466 77531 70667 62537 66602 60459 64524 59400 63465 56727 60792 47792 51857 42991 47056 33880 25763 423942 426749 430679 433486 436293 143489 152650 442455 445262 448069 448386 457175 459982 464879 467686 473771 476578 479385 470493 462789 451193 454000 473858 476665 479472 480199 483006 485813 246304 254019 201286 206253 207573 208893 202606 203926 266442 263615 265284 512671 515478 518285 250049 242133 243802 400230 393520 398482 31272
100 2827
44466 47293 50120 72009 61875 69801 58160 66086 63596 81300 90962 94492 101667 82039 84866 87693 105716 114515 97443 98214 101041 103868 106695 104422 107249 110076 109522 103868 100270 103097 125468 134267 126114 134913 143712 143066 108560 90099 98898 88155 83742 84716 248337 256940 261804 270292 278780 151811 160610 169409 161222 170021 178820 189376 194988 221797 222127 175705 180934 189733 184324 193123 201922 198532 184504 193303 268830 194179 202978 211777 135144 281269 281599 281929 123653 111851 117463 88573 78533 78974 62716 57726 58167 50154 44163 39849 40130 270545 274818 276394 280667 284940 285586 289859 294132 279091 292446 52904 57442 92943
100 6228
34595 44390 52372 58600 64828 50618 60796 67024 73252 66867 73095 79323 85551 73095 79323 56846 40823 47051 68115 75335 111949 117695 115278 71516 78736 85956 121024 126770 150359 119679 125425 131171 142073 132802 133078 144231 153976 137716 136026 145771 155516 300004 302392 168327 174073 177878 183624 189370 179819 205546 205822 317810 180688 190433 213330 213606 213882 200178 336010 221937 222213 222489 339786 342301 238122 238398 238674 344816 323112 325627 320325 322840 312107 314622 314079 310622 313137 308125 310640 309268 307422 302519 305034 297014 292410 277667 255209 311909 315734 308053 311878 314406 318231 322056 279692 264651 278006 38464 43002 78503
100 7463
49340 49691 52973 55621 63084 70547 78010 70324 75265 82728 76038 83501 90964 90191 80359 87822 87145 94608 95840 103303 110766 102071 95285 77787 85250 63084 70547 60436 67899 57154 64617 56803 64266 123595 126374 129491 130690 133469 136248 136342 142693 268858 269417 269976 271036 271595 272154 154760 157539 158666 161445 164224 160318 145472 148251 139121 141900 132270 135049 129153 182852 186971 166218 168997 174636 177415 180194 171776 232364 232597 199695 195559 185512 189631 181256 185375 182123 176359 172167 162907 155786 143750 131903 136022 133324 121278 125397 104208 93964 98083 89567 86699 77033 81152 62663 66782 152480 142092 150089 81222
100 2243
45624 47867 55442 57685 59928 50110 53898 53898 57132 61116 61116 61116 57132 63624 63624 63624 57132 49054 154849 154849 154849 147301 139649 139649 137164 155373 155373 156544 156544 157486 160986 160986 160986 165065 165065 165726 165726 167697 173342 173342 173342 167697 167697 165726 165065 157486 157486 156544 155373 137164 134196 134196 134071 134071 131940 131940 128117 155921 155921 152600 161647 161647 161647 152600 61180 61180 61180 51519 51519 61181 66054 73865 77731 77731 77731 73865 73865 66054 66054 77732 47463 50003 50003 54205 54205 54205 50003 47463 47463 54206 54207 55422 58905 58905 58905 63150 63150 63150 55422 55422
100 2376
56733 66627 69003 69697 72073 78840 82471 84847 88978 89338 93621 95997 98373 91714 94090 91354 97879 100255 102631 93730 87223 81216 83592 74449 71379 59109 61485 97880 63376 67734 70110 72486 65752 68128 71987 81201 86225 86433 88117 90493 92558 94934 97310 92869 88809 91185 88601 90977 96000 101405 101992 104368 110956 114091 114140 116516 118892 120392 127227 129603 129850 132226 134602 131979 122768 138416 140792 138534 146519 149645 156121 161653 164029 169210 171586 173962 166405 158497 160873 152021 154397 148895 151271 140910 143286 143168 125144 116467 118843 113332 115708 106744 103781 106157 98376 100752 83577 85953 74363 76739
100 7679
26050 35306 36734 44413 52092 42985 50664 33729 41408 36735 28846 38553 46232 53911 36525 44204 43892 52189 53480 61159 68838 61178 68857 76536 59868 67547 51571 59250 71062 78484 86163 93842 84316 91995 99674 78741 86420 84317 90604 99271 104247 110458 116000 118191 118722 126401 134080 125870 133549 123679 131358 118137 125816 111926 119605 106950 114629 98283 105962 118723 124325 126478 135662 138164 145843 153522 143341 151020 134157 139406 147085 154764 141836 143197 150876 145420 153099 160778 158555 132004 139683 148964 157621 161996 169675 166237 173143 175487 183166 190845 180822 188501 173916 181595 177354 165300 172979 156643 164322 175488
100 7464
214717 222181 229645 214718 218393 225857 233321 218394 64391 71855 79319 64392 68613 76077 83541 68614 75265 82729 90193 75266 84335 91799 99263 84336 88181 95645 103109 88182 89205 96669 104133 89206 67501 74965 82429 67502 76377 83841 91305 76378 70211 77675 85139 70212 73516 80980 88444 73517 83017 90481 97945 83018 69441 76905 84369 69442 72062 79526 86990 72063 66175 73639 81103 66176 67275 74739 82203 67276 69788 77252 84716 69789 67697 75161 82625 67698 77314 84778 92242 77315 64844 72308 79772 64845 65368 72832 80296 65369 67369 74833 82297 67370 68518 75982 83446 68519 72716 80180 87644 72717
100 9437
186405 193869 201333 55058 64495 64689 74126 83563 73932 43543 51007 40384 49821 46990 56427 65864 59258 54417 61881 46954 56023 63487 70951 56024 65534 74971 84408 66865 76302 85739 75821 42465 51902 61339 54117 39190 48065 55529 62993 48066 59372 68809 78246 41900 45204 52668 60132 78482 87919 97356 86532 95969 105406 92025 101462 110899 43750 51214 58678 43751 37863 45327 52791 37864 38963 46427 144616 154053 163490 48940 151669 161106 170543 46849 54313 39386 49002 56466 63930 49003 44589 54026 47118 56555 65992 63463 51984 37057 39057 46521 53985 39058 40206 47670 55134 40207 44404 51868 59332 44405
100 8844
5398 14386 23230 32074 21464 24507 33351 28636 37480 46324 29055 37899 46743 42195 30308 39152 14242 29055 41760 49260 58104 66948 50604 59448 57601 66271 75115 74888 79132 79670 88514 97358 87976 96820 83732 92576 83959 79670 95577 98803 107647 116491 104421 104148 112992 108252 117096 125940 121836 111374 120218 111484 120328 129172 117524 126368 135212 117524 128176 137020 145864 136000 145156 154000 162844 148705 157549 154938 158828 167672 163173 172017 180861 176516 163782 172626 166393 163173 175326 184607 186486 191859 200703 196008 204852 213696 198654 207498 216342 204574 213418 222262 209547 195330 204174 193451 202295 204574 218955 227799
100 673
7626 7626 18311 20333 21006 21679 18984 19657 21590 22263 22936 21590 33653 42048 45125 45798 46471 42721 43394 34326 34999 45125 61554 65024 72176 72849 73522 65697 66370 62227 62900 72176 82431 88423 92178 92851 93524 89096 89769 83104 83777 92178 98327 101917 102590 103263 108521 109194 109867 99000 99673 108521 116511 120111 126139 126812 127485 120784 121457 117184 117857 126139 134744 135417 134834 135507 136434 137107 137780 136180 136090 136434 148042 148715 154917 158596 159269 159942 155590 156263 149388 158596 174456 184238 184911 188602 189275 189948 185584 175129 175802 188602 199183 201333 210609 211282 211955 202006 202679 199856
100 8328
14212 21433 29761 38089 21433 28259 28359 36687 45015 28359 44062 48811 57139 65467 48811 56766 65094 73422 61965 61965 75073 83401 91729 80642 80642 91102 99430 107758 97668 97668 111908 120236 128564 112348 112348 126057 132403 140731 149059 132403 142452 142892 151220 159548 142892 149914 158242 150629 158957 150629 165036 173364 167576 175904 167576 177103 185431 182140 190468 182140 192151 195297 203625 211953 195297 205595 213923 222251 210439 210439 223419 228681 237009 245337 228681 236780 238905 247233 255561 238905 251840 260168 261065 269393 261065 271239 271632 279960 288288 271632 276726 282375 290703 299031 282375 286241 286322 294650 302978 286322
100 468
11091 11091 29071 33218 33686 34154 33218 42222 42690 42969 43437 42969 55585 56053 57401 57869 57401 62504 70958 71426 71894 70958 78340 78808 84812 85280 84812 87779 92629 93097 93565 92629 99671 100139 100607 102911 102911 115984 124121 124589 125057 124121 136833 137301 146159 146627 146159 157160 165438 165906 166374 165438 171831 181340 181808 182276 181340 187714 191638 192106 192574 191638 204857 214052 214520 214988 214052 227725 234825 235293 235761 234825 251658 260723 261191 261659 260723 273235 279091 279559 280027 279091 298363 298831 299299 298693 298693 308845 309313 314364 314832 314364 319863 320331 320799 321098 321098 330162 330630 331098
100 8247
4630 12877 7380 15627 7380 14731 22950 31197 39444 22950 31628 33674 41921 50168 33674 36257 44063 52310 60557 44063 58080 66327 60059 68306 60059 62844 71091 79338 67482 67482 85200 89646 97893 106140 89646 99205 107452 115699 105272 105272 115308 123555 131802 118467 118467 125123 133370 133617 141864 133617 136100 144347 152594 144314 144314 159288 167535 175782 166454 166454 179419 187666 195913 185875 185875 196237 205832 214079 222326 205832 217826 226073 234320 219956 219956 226939 228092 236339 244586 228092 240405 248652 245595 253842 245595 257638 265885 265702 273949 265702 270558 278805 272017 280264 272017 275983 276333 284580 292827 276333
100 4925
12655 17580 22505 19756 24681 29606 21232 21232 36695 41620 45162 50087 55012 46545 45825 50750 55675 45825 58971 63896 64670 65744 70669 75594 69595 74520 68821 65744 71988 75253 80178 85103 81556 86481 91406 76913 81838 81556 89607 91898 96823 101748 98550 103475 108400 94532 99457 98550 111006 111414 114129 119054 123979 116339 121264 115931 120856 114129 125109 134928 137996 142921 147846 139853 144778 130034 134959 137996 143544 148469 144991 147652 152577 157502 149916 154841 153394 147652 152829 157754 162679 160093 165018 169943 165999 170924 175849 165999 171425 178707 187944 192869 197794 183632 188557 176350 181275 187944 198751 203676
100 9262
6890 9156 9166 17200 17655 26917 27545 34117 43379 52641 36807 46069 36179 26462 35724 18428 27690 18418 27680 34117 50191 53101 62363 58791 60008 69270 78532 62644 71906 68852 72249 81511 90773 78114 87376 81168 68053 77315 71625 72249 83177 85108 90909 91653 95161 103205 112625 121887 131149 112467 121729 104423 113685 100915 110177 100171 109433 94370 103632 112625 123407 130369 138386 147648 156910 140882 147318 156580 165842 150144 152106 153520 162782 172044 161368 170630 159406 139631 148893 153520 162568 167274 176536 185798 171830 181092 173055 182317 178254 187516 185780 187222 196484 190857 200119 209381 205746 195042 204304 190857
100 7603
4842 12445 4842 7436 15039 14764 16796 24399 32002 22367 29970 22642 16796 27807 30261 37864 45467 31983 39586 47189 35410 43013 31983 43290 52805 60408 68011 55259 62862 70465 50893 58496 55259 70751 78354 85957 77811 85208 92811 100414 85414 93017 85208 91834 98851 106454 99866 107469 115072 114057 99437 107040 99866 107796 113412 119157 126760 134363 121015 128618 115399 123002 119157 127663 135266 133416 139690 147293 154896 141019 148622 142869 139690 146488 154091 152946 161415 169018 176621 160549 168152 161694 161415 170001 177604 185207 175347 180370 187973 195576 182950 190553 180370 186228 195955 203509 211112 218715 203558 211161
100 5263
10944 16207 10944 21997 27260 32523 23724 28987 24543 29442 34705 39968 29806 36219 41482 45825 51088 54069 59332 64595 56351 46745 54069 57600 62863 65507 70770 76033 68126 68439 73702 77346 79785 85048 85378 88718 93981 99244 90641 95904 90311 82609 88718 96609 101872 107135 99515 100640 110175 113569 118832 124095 122567 123657 128920 134183 127830 133093 115438 120701 105903 111166 123657 129889 135152 131648 139910 145173 145155 146525 151788 154735 159998 165261 157051 150418 158498 163761 169024 155681 150436 136911 158498 164655 168493 175984 181247 185112 190375 195638 194251 199514 204777 186510 173756 202506 207769 213032 179019 169918
100 3445
6899 10344 13789 11454 14899 13768 14598 17417 20862 24307 18043 21488 17213 17417 34736 38184 41629 45074 38181 41626 40531 49101 52519 62049 65494 68939 71979 75424 78869 55964 59409 52546 55991 71979 79332 82777 85697 93729 96219 99664 103109 100288 103733 107803 111248 111128 114573 118018 114693 107178 97174 100619 89142 111128 121358 124803 128248 127291 137286 137425 144914 148366 150052 153497 156942 151811 155256 148359 151804 140870 144315 140731 144176 150052 156061 158087 161532 158971 162416 165861 164977 165702 169617 173062 174153 176954 180399 183844 177598 181043 176507 169147 172592 176954 179264 182709 186154 183310 186755 190200
100 5171
8939 14110 8939 27415 32579 33889 39060 44231 37750 42921 32586 37757 33889 43435 48606 53777 48620 53791 58962 57088 62259 67430 57088 64382 67692 72863 71409 76580 81751 78034 69553 74724 71409 79718 80428 85599 82660 87831 93002 90770 84889 90060 82660 85319 93902 102282 107453 112624 99073 104244 90490 95661 102282 110554 115725 120896 110923 116094 121265 112827 117998 123169 112827 114359 119530 116290 122842 128013 133184 121461 126632 124701 122842 131549 135151 140322 145493 136720 141891 140702 145873 151044 140702 152248 159543 164714 169885 166875 172046 177217 157419 162590 166875 176943 182114 181377 186548 191719 185059 190230
100 5147
12941 18088 23235 15838 21128 21289 25028 30175 35322 26436 31583 26275 31422 20985 25028 31405 31505 36652 41799 32622 32994 38141 43288 37769 42916 36552 41699 39194 44341 42413 47560 50473 55620 60767 50473 61445 66520 66792 71939 77086 71667 76814 67154 74045 79192 84339 72301 77448 66592 71739 78070 83217 88364 78363 78363 85035 92851 97998 103145 90182 96735 103767 110022 115169 116539 121686 123417 128564 133711 126833 120316 108914 114061 101882 123417 135394 140541 141645 146792 143370 153268 158415 157762 162909 168056 163562 163952 169099 174246 148517 165532 170679 175826 153664 165532 172698 177845 182992 175038 180185
100 9646
11424 21070 11424 29896 35180 44826 54472 39542 35180 39098 42224 51870 61516 48744 42224 50865 59733 69379 79025 60511 59733 65957 71520 81166 90812 75603 71520 77319 86965 80220 89866 99512 80220 97757 107403 117049 101656 111302 101656 110337 119983 129629 114132 123778 114132 121302 124905 134551 144197 130948 124905 133563 139752 149398 159044 143209 139752 153963 163609 154770 164416 174062 154770 157170 166816 176462 161729 171375 161729 170979 180625 190271 179096 188742 179096 187019 196665 193366 203012 212658 193366 200685 203029 212675 222321 210331 203029 217556 227202 236848 225534 229629 237230 239133 248779 258425 246876 256522 239275 248921
100 1290
17751 19041 20331 17751 30344 31634 36061 37351 38641 32924 40443 41733 43023 40443 58079 61905 67440 68730 70020 63195 64485 59369 60659 67440 80673 90376 92478 93768 95058 91666 92956 81963 83253 92478 109200 115512 122755 124045 125335 116802 118092 110490 111780 122755 139172 146485 147775 152613 153903 155193 149065 140462 141752 152613 157347 158637 159927 157632 158922 165995 167285 168575 160212 165995 180234 181524 180799 182089 183379 182814 188066 189356 190646 188066 201743 209765 214393 215683 216973 211055 212345 203033 204323 214393 228427 229717 231007 230861 232151 239421 240711 242001 233441 239421 251181 252471 256136 257426 258716 253761
100 8720
13814 22534 13814 24416 25461 34181 42901 25461 30967 39687 39427 48147 39427 51856 60576 57629 66349 57629 67622 76342 85062 72422 72422 83955 92675 88014 96734 88014 95610 101609 110329 119049 101609 108986 117706 111398 120118 111398 124270 132990 141710 127811 127811 137670 143034 151754 160474 143034 158173 162826 171546 180266 162826 173674 182394 191114 182318 182318 193848 202568 201563 210283 201563 213487 222209 230929 239649 222209 230585 236274 244994 253714 236274 243930 246766 255486 264206 246766 262209 265274 273994 282714 265274 274263 280013 288733 297453 280013 290573 299293 297382 306102 297382 311855 317891 326611 335331 317891 324058 332778
100 7241
789 8030 789 14074 21315 28556 23246 30487 23246 27499 36401 43642 50883 34740 36401 54689 61930 69171 62767 70008 62767 66595 76228 83469 90710 73836 76228 85082 92323 90266 97507 104748 90266 103348 103616 110857 118098 110589 103616 113289 120530 113729 120970 128211 113729 120844 128085 124984 132225 139466 124984 128389 135630 129700 136941 144182 129700 135227 136374 143615 150856 142468 136374 149877 157118 164359 154484 161725 154484 164213 165946 173187 180428 171454 165946 168627 172977 180218 187459 175868 172977 182647 183790 191031 198272 189888 183790 200462 206415 213656 220897 208742 215983 223224 215563 222804 230045 217922 225163 232404
100 3279
8644 11923 8644 28097 30242 33521 36800 30242 38871 48421 51700 54979 48421 56432 61076 64355 67634 61076 74792 78071 78485 81764 78485 90073 90295 93574 96853 90295 94775 98054 99082 102361 99082 108933 115066 118345 121624 115066 118497 124012 127291 130570 124012 125652 128931 131641 134920 131641 141706 144985 148073 151352 148073 154404 164073 167352 170631 164073 179871 183150 186429 180663 180663 191327 200172 203451 206730 200172 213673 217521 220800 224079 217521 225193 233214 236493 239772 233214 245059 251280 254559 257838 251280 265918 275853 279132 282411 275853 285719 292594 295873 299152 292594 301726 305005 311304 314583 311304 313833 317112
100 7556
810 810 19109 26665 34221 24032 24032 29691 37247 44803 32415 32415 49966 57522 65078 53264 53264 63516 71072 66107 73663 66107 74805 77118 84674 92230 77118 92419 102321 109877 117433 102321 106215 113771 112616 120172 112616 125968 133524 141080 135507 135507 138510 145305 152861 160417 145305 154131 163886 171442 178998 163886 174433 178490 186046 193602 178490 179337 186893 188623 196179 188623 203061 212121 219677 227233 212121 222264 229820 226806 234362 226806 235497 243053 250609 236890 236890 250165 257721 265277 253611 253611 256990 258622 266178 273734 258622 275147 284012 291568 299124 284012 297720 305276 312832 302082 302082 313659 321215 328771
100 9688
1451 11837 19366 29054 38742 19366 29540 39228 48916 37175 37175 47915 57603 67291 50343 50343 55974 58289 67977 77665 58289 69417 79105 88793 69917 69917 79251 84740 94428 104116 84740 100695 109146 118834 128522 109146 126336 136024 145712 130191 130191 145379 148373 158061 167749 148373 159643 169331 179019 165634 165634 177481 187169 196857 185661 185661 194539 204227 213915 201694 201694 212055 221743 212972 222660 212972 219900 220119 229807 239495 220119 229009 238697 231029 240717 231029 247205 249192 258880 268568 249192 259235 268923 266958 276646 266958 270311 279999 273610 283298 273610 279389 289077 298765 288984 288984 303068 312890 322578 332266
100 2782
8935 21305 24087 26869 22846 22846 32361 34439 37221 40003 34439 39016 43673 46455 49237 43673 58506 61288 64070 63111 63111 71886 81469 84251 87033 81469 85245 88027 89769 92551 89769 95797 98579 99658 102440 99658 106121 107900 110682 113464 107900 114102 116884 121227 124009 121227 131523 134015 136797 139579 134015 142517 152458 155240 158022 152458 154385 157167 159949 161013 161013 173880 183211 185993 188775 183211 194264 200708 203490 206272 200708 213784 216566 220091 222873 220091 230671 233453 236235 236077 236077 241235 248567 251349 254131 248567 257272 262864 265646 268428 262864 271513 274295 277077 275580 275580 294168 296950 300238 303020
100 7319
15722 23041 17397 24716 17397 28815 36134 30548 37867 34791 42110 49429 45186 43453 34791 49016 56335 58886 66205 73524 66888 74207 81526 63654 66888 71880 79199 73999 81318 88637 86518 75763 83082 90401 75763 87406 93874 98333 105652 112971 101193 108512 94725 102044 98333 110538 117857 118718 120684 128003 135322 126037 133356 125176 120684 133073 140392 147711 141884 145440 152759 160078 149203 156522 145440 158389 159129 166448 168338 175657 182976 173767 165708 173027 168338 177749 186710 194029 191888 199207 206526 201348 185068 192387 191888 196028 203299 210618 217937 213251 220570 227889 203347 210666 213251 222709 224149 231468 238787 230028
100 3451
3712 18673 22124 25575 21901 21901 30728 35033 38484 41935 35033 38305 39772 43223 46674 39772 51321 53798 57249 60700 53798 64931 68382 69003 72454 69003 84244 87695 91146 93256 93256 107558 112015 115466 118917 112015 122543 131744 135195 138646 131744 141030 147584 151035 154486 147584 155729 159180 162631 160751 160751 167880 169894 173345 176796 169894 180406 183857 187308 181562 181562 197128 200579 202660 206111 202660 217946 227824 231275 234726 227824 229881 239104 242555 246006 239104 244508 247959 249819 253270 249819 260350 263748 267199 270650 263748 265702 269153 269390 272841 269390 279001 282452 285382 288833 285382 301668 305119 308570 306477
100 538
14842 15380 14842 21527 30381 30919 39269 39807 40345 31457 22065 22603 39269 52438 52976 53514 52941 53479 58389 58927 59465 54017 58389 60707 61245 61783 69582 70120 69781 70319 70857 70658 69781 84008 86606 87144 89016 89554 90092 87682 84546 85084 89016 101327 105298 111227 111765 112303 105836 106374 101865 102403 111227 119139 121763 122301 122839 124693 125231 125769 119677 120215 124693 142903 143441 150583 151121 151659 143979 157574 158112 158650 157574 170231 170769 171307 170389 170927 172955 173493 174031 171465 172955 176081 182022 188703 189241 189779 182560 183098 176619 177157 188703 201512 202050 202588 211313 211851 214042 214580
100 2672
11460 14132 16804 11460 16490 19162 21834 26368 26368 34752 38240 40912 43584 38240 51518 58802 61474 64146 58802 70085 72757 70269 72941 70269 76712 79384 85058 87730 85058 91119 93791 96463 91694 91694 104071 108695 111367 114039 108695 116878 119550 125472 128144 125472 140289 142961 144214 146886 144214 149710 152382 151897 154569 151897 160865 163537 166297 168969 166297 176183 178855 181527 179440 179440 194079 196751 202816 205488 202816 206971 213664 216336 219008 213664 229923 232595 234732 237404 234732 245967 248639 251311 251151 251151 258936 261608 264266 266938 264266 276925 285583 288255 290927 285583 302136 304808 304236 306908 304236 314694
100 7297
10965 18262 12632 19929 12632 23420 31373 38670 45967 31373 40621 47918 55215 41415 41415 52074 54537 61834 69131 54537 67038 74335 74105 81402 74105 79183 86480 93777 86235 86235 102046 109343 106461 113758 106461 118817 126114 122569 129866 122569 128724 131980 139277 146574 131980 136841 138287 145584 152881 138287 145730 149707 157004 164301 149707 161492 168789 170542 177839 170542 184247 191544 198841 191186 191186 204735 212032 214590 221887 214590 223123 230420 237717 228873 228873 238408 245705 253002 240305 240305 252704 260001 267298 259606 259606 277339 285188 292485 299782 285188 290481 294303 301600 308897 294303 306811 312299 319596 326893 312299
100 3771
7609 8447 12218 15989 11380 8447 21717 29554 33325 37096 25488 29554 38668 42439 46624 50395 54166 46624 56908 60293 64064 67835 60679 60293 72453 79263 83034 86805 76224 79263 91204 94975 100390 104161 107932 100390 109932 113703 117474 116594 120365 116594 120478 124249 128020 120813 124584 120813 134118 137889 141660 140774 144545 140774 150305 154076 157847 151221 154992 151221 158933 162704 166475 165970 169741 165970 177002 180773 184544 186421 190192 186421 190058 198850 202621 206392 193829 198850 216732 220503 220085 223856 227627 220085 229517 233288 238054 241825 245596 238054 241593 248213 251984 255755 245364 249135 254733 258504 262275 264640
100 4312
3425 11340 12175 16487 20799 15652 19964 7737 12175 21377 25997 30309 28786 33098 37410 29573 33148 37460 42298 46610 50922 43807 48119 52431 41772 33885 38197 34621 43807 59527 63839 68151 68380 72255 76567 80879 72692 81654 87722 91645 94802 99114 103426 95957 100269 92034 96346 85966 94802 97764 102076 99654 103966 105369 109681 105419 112231 116543 115590 125448 129760 134072 119902 124214 120855 109731 114043 113993 125448 133628 137940 142252 138966 148906 153218 149213 149227 153539 158260 162742 167054 171366 162572 166884 157851 153525 157837 157530 162742 170448 173435 180345 185315 189627 193939 184657 188969 177747 182059 174760
100 9426
10593 18913 28339 37765 18913 31323 34282 43708 53134 40749 34282 47648 54508 63934 73360 57074 54508 62038 71464 65405 74831 84257 65405 71152 80578 90004 72880 82306 72880 81691 86018 95444 104870 91117 86018 99475 100302 109728 119154 108901 100302 112249 115884 125310 134736 121675 115884 133698 143124 152550 134692 144118 134692 144930 150737 160163 169589 154356 150737 164917 171750 181176 190602 174343 171750 183272 189139 198565 207991 192698 189139 203774 208857 218283 227709 213200 208857 223135 232561 228362 237788 247214 228362 244876 254302 263728 254066 263492 254066 262107 271533 271033 280459 289885 280959 275570 276154 285580 295006 284996
100 3400
7211 10611 14011 7211 15485 18044 21444 24844 18885 18044 35964 45248 48648 52048 39364 45248 63651 65072 68472 71872 67051 65072 74504 83526 86926 90326 77904 83526 95940 99340 104175 107575 110975 104175 110659 119149 122549 125949 114059 119149 134826 138226 141626 136367 139767 136367 139456 142856 143341 146741 150141 143341 152810 156210 159610 159611 163011 159611 174175 177575 179567 182967 186367 179567 184657 192474 195874 199274 188057 192474 209647 213047 213466 216866 220266 213466 228768 232168 235329 238729 242129 235329 239739 243139 246539 241404 244804 241404 258284 263862 273369 278790 282190 285590 276769 280169 267262 270662 261684 265084
100 2512
6263 12671 15183 17695 22111 23095 25607 28119 24623 27135 23095 27777 32706 41393 43905 46417 35218 37730 30289 32801 41393 49063 51575 53488 56000 58512 59505 62017 64529 54087 59505 66883 69395 71554 74066 76578 73970 76482 78994 71907 73970 87874 90386 92986 95498 96481 98993 101505 98010 92898 96481 104536 107048 110312 112824 113380 115892 118404 115336 109560 113380 116081 118593 122893 132813 135325 137837 125405 127917 121105 132813 138793 146893 149405 153398 155910 158422 151917 141305 143817 153398 169280 170627 174267 176779 179291 173139 175651 171792 174304 174267 189694 199373 201278 203790 206302 201885 204397 192206 194718
100 2245
12660 14905 12660 25019 25546 27791 30036 27264 25546 38128 45719 47964 50209 40373 45719 56713 58958 58488 60733 62978 58488 62945 72438 74683 76928 65190 72438 81828 84073 89128 91373 93618 89128 93672 103028 105273 107518 95917 103028 105565 107810 112484 114729 116974 112484 124604 126849 126453 128698 130943 126453 137597 138411 140656 142901 139842 138411 149701 155499 157744 159989 151946 155499 165504 165772 168017 170262 167749 165772 180919 182714 184959 187204 183164 182714 199429 201674 203919 208744 210989 208744 214743 215171 217416 219661 216988 215171 217828 218074 221373 223618 226813 229058 231303 232994 235239 237484 225863 220319 222564
100 9661
16708 19150 28811 38472 26369 36030 19150 25376 29322 36708 46369 56030 38983 48644 35037 40206 46906 56567 66228 49867 51260 58162 67823 77484 60921 70582 58162 72122 81783 91444 79938 89599 85767 88551 98212 107873 95428 97263 98626 99781 109442 119103 108287 117948 106924 116585 99781 106170 114442 124156 133817 132143 137094 138112 147773 157434 142881 152542 162203 146755 156416 141804 151465 143478 124103 133764 142881 153871 163532 158333 165200 174861 184522 167994 170210 175488 175697 185358 195019 185149 194810 179871 189532 185184 194845 204506 185184 187316 196977 190753 193037 199608 207893 217554 227215 209269 218930 202698 212359 200414
100 4230
9088 13318 17548 9088 19205 23435 27665 28957 28957 39016 43246 47476 48882 48882 51573 55803 58585 62815 58585 63949 68179 70025 74255 70025 83245 87475 91705 91460 91460 98430 102660 106890 99794 99794 113159 115608 119838 124068 115608 120167 124397 128627 121442 121442 134945 141236 145466 149696 141236 152533 156763 160993 152624 152624 154859 164465 168695 172925 164465 176717 180947 183274 187504 183274 194552 204339 208569 212799 204339 215333 219563 220273 224503 220273 228800 237601 241831 246061 237601 254073 263372 267602 271832 263372 279314 284254 288484 292714 284254 292097 292269 296499 300729 292269 306544 310774 315087 319317 315087 334393
100 75
10738 10813 10888 10738 22425 22500 27667 27742 27667 37210 37285 45773 45848 45773 55390 55465 55540 58636 58636 67860 71355 71430 71505 71355 79827 82831 82906 82981 82831 97690 97765 100426 100501 100426 105715 105790 105865 110439 110439 120226 120301 124754 124829 124754 136435 146012 146087 146162 146012 162614 162689 162764 172300 172300 176610 176685 176760 185589 185589 191600 197118 197193 197268 197118 214184 214404 214479 214554 214404 223844 227050 227125 227200 227050 239313 239388 239463 246071 246071 257505 259326 259401 259476 259326 267663 272583 272658 272733 272583 277760 277835 282322 282397 282322 300579 300654 305598 305673 305598 309357
100 7790
11826 19616 27406 11826 19779 25544 33334 41124 27569 25544 36285 44075 38801 46591 54381 38801 46509 54299 62089 48831 56621 48831 50311 58101 51934 59724 67514 51934 57784 65574 64185 71975 79765 64185 72036 79826 87616 73698 81488 73698 86206 93996 96085 103875 111665 96085 106912 116474 124264 132054 114702 116474 126250 134040 133259 141049 148839 133259 137289 137411 145201 152991 145079 137411 144669 153856 161646 169436 152459 153856 160493 168283 168296 176086 183876 168296 182039 185656 193446 201236 189829 185656 189678 199592 207382 215172 197468 199592 217279 225069 226236 233126 233501 241291 249081 240916 248706 234026 241816 232859
100 4733
6835 9307 14040 14344 19077 14494 17161 19849 24582 29315 21894 26627 19227 23960 27526 35982 40715 45448 32259 36992 35982 45906 50639 55372 55093 58274 63007 67740 59826 64559 63838 65499 70232 73660 78393 83126 79866 84599 89332 74965 79866 92418 97151 99452 104185 108918 103865 108598 113331 101884 103884 108617 104628 109361 114094 113350 108610 113343 118076 114142 114142 117994 126390 135713 145402 150135 146621 151354 146891 151624 156357 154800 159533 164266 156087 154868 140446 145179 131123 135856 154800 167482 172215 176948 175233 179966 184699 182232 187355 192570 198380 203113 207846 207043 211776 216509 197303 202036 192088 196821
100 8732
2650 11059 20001 28733 37465 20001 30069 38513 47245 55977 38513 54284 63016 71748 58307 58307 68978 70606 79338 88070 70606 81538 90270 86320 95052 86320 96459 100383 109115 117847 100383 115629 116793 125525 134257 116793 129873 138773 147505 156237 138773 145738 154470 163202 152170 152170 158159 164488 173220 181952 164488 167036 175768 176392 185124 176392 188595 197327 206059 189669 189669 199827 208559 217291 200578 200578 207151 214352 223084 231816 214352 223604 232336 232044 240776 232044 242487 249642 258374 267106 249642 261471 270203 265402 274134 265402 279654 285052 293784 302516 285052 288938 297670 306402 298551 298551 305266 307962 316694 325426
100 3133
11952 20831 23964 27097 20831 24324 27457 30590 26531 26531 44698 46340 49473 52606 46340 53122 55046 58179 61312 55046 65608 68741 71874 72159 72159 80679 83812 86945 89364 89364 93789 96922 102201 105334 102201 102892 106025 109158 105354 105354 121822 129827 132960 136093 129827 137759 141208 144341 147474 141208 153403 161551 164684 167817 161551 170347 173480 171143 174276 171143 182201 185334 190966 194099 190966 204660 207793 214417 217550 214417 230540 236666 239799 242932 236666 246116 248855 251988 255121 248855 261345 264478 267403 270536 267403 278987 282120 282388 285521 282388 297359 304285 307418 310551 304285 317708 318274 321407 324540 318274
100 4580
7353 20420 25000 22089 26669 22089 24602 34111 38691 43271 34111 49905 50883 55463 60043 50883 53093 57673 62359 66939 62359 72186 76766 81346 81687 81687 87396 91629 96209 100789 91629 100168 105073 109653 114233 105073 119235 126047 130627 135207 126047 144212 146598 151178 155758 146598 161933 165385 169965 174545 165385 174704 179284 183864 180758 180758 192349 196929 201509 195098 195098 200010 204590 209170 205306 205306 212452 217032 221612 215295 215295 219019 220415 224995 229575 220415 223752 228332 232912 228859 228859 240518 242188 246768 251348 242188 251040 251853 256433 261013 251853 262605 267683 272263 276843 267683 281249 285829 285140 289720
100 1327
1624 1624 11279 12100 13427 14754 13941 15268 16595 12606 13933 13941 20854 23878 31227 32554 33881 25205 26532 22181 23508 31227 37996 46153 55752 57079 58406 47480 48807 39323 40650 55752 59142 60469 61796 59270 60597 60723 62050 63377 61924 60723 71745 72847 74174 75501 74007 75334 76661 73072 74399 74007 87731 96676 98003 104996 106323 107650 99330 89058 90385 104996 116972 122244 123279 124606 125933 123571 124898 118299 119626 123279 136681 138008 144660 145987 152639 153966 155293 147314 139335 152639 169133 170460 176121 177448 178775 171787 183968 185295 186622 183968 194196 198610 206950 208277 209604 199937 201264 195523
100 8650
4434 13084 13609 22259 30909 21734 22703 22703 34914 43564 41458 43271 51921 60571 50108 58758 52214 43271 58790 65025 69827 78477 87127 73675 82325 67440 76090 69827 87721 96263 105644 114294 122944 104913 113563 96371 105021 105644 107853 116024 120770 129420 138070 124674 133324 116503 125153 120770 133694 142344 150994 138480 147130 146737 155387 164037 155780 146737 160659 168364 173186 181836 190486 177014 185664 169309 177959 173186 181913 188734 194432 203082 211732 197384 206034 190563 199213 194432 201180 206039 214689 223339 212310 220960 229610 209830 218480 212310 225780 227519 231349 239999 248649 236169 244819 234430 243080 231349 239929 248579
100 6315
12679 18994 12679 21453 27120 33435 39750 27768 27120 32272 34977 41292 47607 38587 34977 46739 47769 54084 60399 53054 47769 51322 52114 58429 64744 57637 52114 68133 68475 74790 81105 74448 68475 69893 75235 81550 87865 76208 75235 89031 95346 101661 93409 99724 93409 102763 103772 110087 116402 109078 103772 108810 115125 112800 119115 125430 112800 124086 126128 132443 138758 130401 126128 134183 140498 143911 150226 156541 143911 153361 154917 161232 167547 159676 154917 164755 165480 171795 178110 171070 165480 169404 172046 178361 184676 175719 172046 186425 190241 191929 193074 198331 204646 210961 199389 205704 198244 204559 196556 202871
100 626
10787 10787 25865 30926 31552 32178 26491 30926 40790 41416 45516 46142 46768 45516 57594 63504 64130 64756 58220 63504 82023 90786 91412 92038 82649 90786 102077 102703 110980 111606 112232 110980 117490 121354 121980 122606 118116 121354 130852 131478 133434 134060 134686 133434 140234 140860 141486 142946 143572 142946 160233 162656 163282 163908 160859 162656 175654 176280 176906 180929 181555 180929 193775 194731 195357 195983 194401 194731 207096 215527 216153 216779 207722 215527 224552 232190 232816 233442 225178 232190 242603 243229 248714 249340 249966 248714 258103 267026 267652 275535 278151 282006 282632 283258 278777 279403 276161 276787 268278 258729
100 1683
10817 13761 17025 18708 20391 15444 17127 12500 17025 33173 34074 35757 35623 37306 38989 37440 34856 36539 35623 45005 50133 58561 60244 61927 51816 53499 46688 48371 58561 67385 69068 70751 68835 70518 72201 78655 80338 82021 78655 83416 85324 90497 92180 93863 87007 88690 85099 86782 90497 94985 96668 98351 95185 102082 103765 105448 96868 98551 102082 119283 120966 126740 128954 130637 132320 128423 130106 122649 128954 143099 144782 150961 152644 160271 161954 163637 154327 146465 160271 166700 168383 169039 170722 170071 171754 173437 172405 170066 170071 184881 184912 194129 195812 197495 186595 188278 186564 188247 194129 201639
100 1772
11431 13203 11431 24632 32146 34527 36299 38071 33918 35690 26404 28176 34527 47902 49774 55067 56839 58611 51546 53318 49674 51446 55067 58582 60354 62126 63636 65408 67180 71103 72875 74647 71103 83579 84044 85816 87588 85351 87123 91480 93252 95024 91480 100978 102750 109763 111535 113307 117099 118871 120643 104522 117099 127807 129579 132144 135861 137633 139405 133916 135688 131351 135861 146930 156778 165717 167489 169261 158550 160322 148702 150474 165717 173730 175502 177274 178074 179846 181618 178908 180680 182452 178908 194568 196340 198112 196613 198385 201768 203540 205312 200157 201768 214250 219419 224707 226479 228251 221191 222963
100 5605
7052 13528 19133 22439 28044 22439 34967 40572 46177 38605 38605 44124 46446 52051 57656 46446 57247 62852 68457 61673 61673 68328 71140 76745 82350 71140 80929 82185 87790 93395 82185 95290 100895 106500 101692 101692 107539 113119 118724 124329 113119 129442 135047 132947 138552 132947 138326 143931 143365 148970 143365 151278 156883 151693 157298 151693 163407 167771 173376 178981 167771 183780 189385 194990 187554 187554 198322 202305 207910 213515 202305 219729 221514 227119 232724 221514 238443 244048 249653 242252 242252 257888 263493 269098 265043 265043 272719 278324 283929 281185 281185 293372 298977 299876 305481 299876 310752 316357 321962 313932
100 6241
8666 19006 20936 30900 37141 37451 38467 43958 50199 56440 44708 50949 43692 49933 43382 48701 54942 61183 27177 33418 48701 56698 57298 58427 59246 60935 67221 72935 79176 85417 73462 79703 67176 73417 65487 71728 64668 70909 63539 69780 72935 78927 88077 91013 96964 103205 101167 101928 102023 108264 114505 108169 114410 107408 113649 109446 97254 103495 94318 100559 102023 107297 113538 119779 114151 120392 118484 124725 130966 126633 124243 128012 134450 139919 146160 152401 140691 146932 134253 140494 139919 150143 156384 159080 162938 169179 167067 173308 179549 175420 167182 173423 170501 176393 182634 188875 176742 182983 179664 165321
100 3770
16219 17532 21302 25072 17532 25235 26655 29235 33005 36775 30425 34195 29005 32775 29235 38165 41935 45393 49163 52933 48461 52231 56001 45705 48461 63826 67596 70858 73795 77565 81335 74628 78398 71366 73795 84794 86111 89881 92473 96243 100013 93651 88564 92334 92473 102681 106660 116535 120305 124075 110430 114200 106451 110221 116535 121689 125459 130421 136902 140672 144442 134191 137961 129229 136902 139413 143183 139971 147864 151634 155404 143741 147511 146953 147864 156837 160607 160315 163101 166871 170641 164085 167855 164377 163101 171047 174817 178587 179868 183638 182666 186436 190206 187408 182666 194918 198688 202458 197001 200771
100 4945
991 5936 4408 9353 14298 4408 13579 22917 27862 32807 18524 22917 37481 42163 47108 52053 42426 42163 47638 47765 52710 57655 52583 47765 64202 72509 77454 82399 69147 72509 81581 86811 91756 96701 86526 86811 93458 98403 103348 99945 104890 99945 113019 114621 119566 124511 117964 114621 130965 137725 142670 147615 135910 137725 149986 155922 160867 165812 154931 155922 166773 171718 176663 173481 178426 173481 180085 185030 189975 187825 192770 187825 194664 200786 205731 210676 199609 200786 210015 212301 217246 222191 214960 212301 222814 227874 232819 237764 227759 227874 233410 238355 235556 240501 245446 238495 243311 248256 253201 243440
100 9438
8706 18144 8706 13351 21428 30866 40304 22789 21886 31324 40762 22839 32277 23838 33276 32036 41474 50912 33949 43387 52825 42714 33949 35133 44571 54009 35406 44844 54282 43177 52615 45950 49306 52181 58842 68280 77718 61619 71057 58744 68182 55388 58842 73348 77579 87017 96455 82786 92224 77722 87160 96598 84327 87123 87806 97244 95112 104550 113988 106682 96561 105999 95112 98925 108363 117801 104439 106403 115841 125279 114851 124289 120876 123220 126777 136215 145653 132658 142096 130314 139752 133727 126777 133549 142987 152425 137281 144470 153908 163346 146719 151979 158686 168124 161212 170650 180088 177562 161417 170855
100 7371
11598 18969 26340 21484 21484 31740 37381 44752 42185 49556 56927 52123 39111 46482 42185 54952 62323 69694 60780 68151 75522 62573 69944 77315 62573 75933 80411 87287 94658 102029 87782 95153 83304 90675 87287 96473 103844 111215 104981 106541 113912 121283 112352 119723 106541 119263 122770 132512 139883 147254 130141 137512 126634 134005 132512 151554 158925 161146 162601 169972 177343 168517 175888 166296 162601 171580 178951 186322 173934 181305 188676 183359 190730 198101 183359 194433 203054 206890 214261 221632 210425 217796 201804 209175 206890 216279 224381 226475 233846 241217 231752 239123 223650 231021 226475 236074 241711 249082 256453 243445
100 4366
11625 16540 20906 25272 16540 30744 35110 36659 41025 45391 39476 37126 39119 43485 40394 44760 49126 41369 45735 50101 47851 43259 47625 51991 43259 54416 58782 63148 61627 65993 63751 68117 64820 67473 68810 68993 73359 77725 73176 77542 71839 76205 69186 73552 68993 76258 79098 83464 82299 89812 94121 98260 103319 107685 112051 102626 106992 98487 102853 94178 98544 86665 91031 87830 103319 118164 127769 132135 135849 140215 144581 145773 150987 160032 164602 168968 173334 164398 168764 155353 159719 150139 154505 136501 164602 179590 183217 187583 191949 183956 183828 188194 192560 188322 192215 196581 200947 199402 203768 208134
100 9304
14335 23639 14335 21244 30548 29875 39179 48483 29875 37999 38090 47394 56698 47303 38090 46342 54540 63844 73148 55646 54540 66883 69494 78798 88102 76187 69494 82361 91665 91188 100492 109796 91188 100159 109463 101985 111289 120593 101985 112995 122299 131603 121486 130790 121486 137306 146610 138838 148142 157446 138838 150313 156924 166228 175532 159617 156924 164778 169264 178568 187872 174082 169264 187165 192937 202241 211545 196469 192937 204228 204398 213702 223006 213532 204398 219972 229276 228786 238090 247394 228786 242217 249663 258967 268271 251521 249663 263471 271350 279897 289201 298505 281984 286890 296194 305498 291288 300592 280654 289958
100 431
7955 7955 20622 28691 29122 29553 21053 28691 40973 41404 41835 45541 45972 45541 57604 64351 64782 65213 58035 64351 78423 78854 83809 84240 84671 83809 91347 100932 101363 101794 91778 100932 114324 123030 123461 123892 114755 123030 133797 134228 134659 140746 141177 140746 146996 147427 147858 156483 156914 156483 169070 169501 178294 178725 179156 178294 179203 179634 180065 187862 188293 187862 202775 204192 204623 205054 203206 204192 217305 225187 225618 226049 217736 225187 239637 246466 246897 247328 240068 246466 257460 265496 265927 266358 257891 265496 267796 268227 268658 267828 276226 276657 277088 268259 283552 283983 289535 289966 290397 284414
100 8816
11945 20761 29577 11945 18889 27705 36521 27370 36186 36027 40491 49307 58123 44843 49317 58133 49737 58553 52312 61128 69944 67369 66949 52312 62005 70821 70111 79036 86375 87409 96225 89345 98161 106977 105041 93752 102568 111384 95191 104007 87852 96668 78927 93752 102962 111567 118718 127818 136873 143367 152183 160999 150521 159337 168153 145689 154505 136634 145450 127534 136350 120383 129199 150521 165363 169522 171709 174517 183333 192149 180525 189341 178338 174748 183564 183305 190303 199119 207935 192121 200937 192380 187154 190303 202338 208316 217132 225948 211154 209628 215557 224373 233189 218444 219628 229553 238369 247185 228444 237260
100 7767
10938 18705 10938 16935 18660 22428 30195 37962 26427 28380 36147 43914 34194 24702 29600 32465 40232 47999 37367 38182 45949 53716 38182 48995 52855 56806 59028 67636 69716 77483 71749 79516 87283 85250 75403 83170 66795 74562 64573 72340 60622 68389 71749 82773 84095 91862 88839 97975 105742 113509 96606 104373 107170 107868 110262 118029 125796 115635 123402 114937 122704 99629 110262 118109 125876 133643 127267 134387 136263 144787 150838 158605 166372 152554 160321 159304 167071 174838 144030 151797 142154 149921 159304 165682 173449 181216 175492 178019 185551 191168 191650 199417 207184 198935 206702 193318 201085 185786 193553 183259
100 4734
5767 5767 19100 23834 22819 27553 22819 41451 47770 52504 57238 47770 53137 61882 66616 71350 61882 65978 70712 75012 79746 75012 89445 94179 90241 94975 90241 96406 100985 105719 110453 100985 110450 118884 123618 128352 118884 129813 134547 139281 130536 130536 149630 154364 158844 163578 158844 169710 171972 176706 181440 171972 189595 197675 202409 207143 197675 206482 211216 215950 209408 209408 217187 225813 230547 235281 225813 232991 237725 242459 235228 235228 244693 247961 252695 257429 247961 262455 270242 274976 279710 270242 284043 286510 291244 295978 286510 288084 292818 297552 296187 296187 306086 312535 317269 322003 312535 325377 330111 334845
100 8707
9023 19010 27717 36424 23874 27877 36584 45291 32581 41288 27877 40897 43453 51085 59792 68499 52160 60867 49604 58311 51085 60578 65237 70646 79353 88060 73944 82651 69285 77992 70646 81694 90401 99108 87747 96454 95970 104677 113384 105161 95970 101169 106061 110905 119612 128319 114768 123475 109876 118583 110905 120713 129420 138127 127256 135963 144670 134844 143551 152258 134844 146405 155112 163819 151348 158465 167172 175879 160055 168762 158465 161650 170357 179064 164461 173168 168420 177127 185834 181875 168420 178909 187616 196323 181121 189828 188175 196882 205589 198535 188175 205401 214108 206533 215240 215251 223958 232665 223947 222815
100 2964
9129 9129 27036 30000 34884 43325 46289 49253 37848 40812 32964 43325 49347 52311 50858 53822 56786 55275 57394 60358 63322 57394 62353 65317 65147 67747 70711 73675 68111 71075 68281 67747 68265 71229 74193 77757 84938 87902 90866 80721 83685 84938 92372 95336 100508 103472 106436 102952 105916 108880 98300 102952 106981 111035 113999 116963 109945 112909 111168 114132 117096 111168 118075 121039 123958 126922 126369 129333 132297 129886 124003 126369 137897 146933 156213 159177 162141 149897 152861 140861 143825 156213 166205 169169 172133 168089 171053 168767 171731 174695 174017 168767 180285 183249 186213 189698 192662 195626 190725 193689
100 4047
11921 15968 20015 11921 25853 29900 34657 38704 34657 46114 50161 54208 50372 50372 63799 67846 71893 73632 73632 84556 88603 92650 91546 91546 99506 107800 111847 115894 107800 122612 126659 125673 129720 125673 130486 134533 138580 136239 136239 148319 148882 152929 156976 148882 162160 166285 170332 174379 166285 184499 193259 197306 201353 193259 203855 209921 213968 218015 209921 217009 221056 225103 225409 225409 236224 240271 244318 238412 238412 252297 256344 253982 258029 253982 268947 275388 279435 283482 275388 287241 291288 289097 293144 289097 302131 305978 310025 314072 305978 317449 320559 324606 328653 320559 327260 333807 337854 341901 333807 349995
100 6358
15959 21781 28139 34497 21781 27850 34208 30382 36740 30382 50115 56473 62831 53483 53483 72519 78877 85235 73065 73065 84731 86759 93117 99475 86759 96738 103096 109454 99473 99473 111773 119480 125838 132196 119480 136769 139950 146308 152666 139950 148411 157467 163825 170183 157467 165759 172117 175532 181890 175532 184234 185146 191504 197862 185146 201556 209533 215891 222249 209533 218445 222035 228393 234751 222035 232489 238847 245205 239458 239458 248877 250532 256890 263248 250532 260491 267936 274294 280652 267936 277954 284312 290670 281699 281699 294952 301310 299142 305500 299142 316865 323223 329581 321415 321415 326206 332564 338922 335443 335443
100 2606
10675 13281 10675 23987 26593 24192 26798 29404 24192 32483 35089 37695 38933 41539 38933 45502 54249 56855 59461 48108 54249 63986 66592 71793 74399 77005 71793 75623 78229 81191 83797 86403 81191 97259 99119 101725 104331 99865 99119 114443 117049 115869 118475 121081 115869 125373 135074 137680 140286 127979 135074 140311 147555 150161 152767 142917 147555 151977 152977 155583 158189 154583 152977 163231 165837 164330 166936 169542 164330 178533 181139 180576 183182 185788 180576 189401 192007 194613 191778 194384 191778 200953 203559 209356 211962 214568 209356 217670 220276 222882 226600 231165 231198 233804 240893 243499 246105 236410 233771 236377
100 2779
12258 15037 12258 25655 27045 29824 28633 31412 34191 34285 36512 39060 39894 42673 45452 41839 44618 39291 42070 37064 39843 32603 39894 45463 48242 51021 50514 53293 56909 59688 62433 66740 71047 73826 76605 69519 72298 65212 67991 62467 56072 74556 74556 86422 89201 91980 93933 96712 99491 103202 108110 116322 119101 121880 119973 126453 129232 132011 122752 125531 110889 113668 126453 136787 146205 148984 147669 150448 152765 159460 162444 165223 163444 166223 169002 168002 162239 165018 155544 158323 153227 151763 163444 169004 171783 174562 172206 177835 180614 178496 181275 184054 183393 174985 185292 186745 189524 192303 188071 190850
100 8481
9504 27822 36303 32452 40933 32452 42383 50864 49736 58217 49736 64382 65301 73782 82263 65301 73100 81581 75499 83980 75499 92028 93739 102220 110701 93739 102124 110605 105544 114025 105544 110571 119052 127533 118969 118969 130325 138806 139374 147855 139374 148680 157161 156657 165138 156657 166906 174524 183005 191486 174524 183703 192184 189099 197580 189099 202562 211043 205135 213616 205135 213175 221130 229611 238092 221130 236262 239256 247737 256218 239256 248474 256955 265436 253014 253014 259428 268530 277011 285492 268530 277277 287189 295670 304151 287189 296136 304617 313098 298004 298004 303226 311707 320188 306002 306002 315198 319546 328027 336508
100 567
15518 16085 16652 17089 20454 21021 24794 25361 25928 21588 17656 24794 36393 36960 45900 46467 47034 54475 62298 62865 71242 80358 80925 83403 83970 84537 81492 71809 72376 63432 55042 83403 92054 92621 93188 93781 94348 96049 103578 105587 113799 117339 117906 118473 114366 114933 106154 106721 104145 104712 96616 117339 133421 133558 133644 134211 142559 143126 146941 147508 148075 149127 149694 155353 155920 156487 150261 143693 134778 134125 134692 155353 159993 169186 169753 175861 182675 189821 190388 190955 183242 195260 203841 204408 204975 195827 196394 183809 176428 176995 170320 203841 220103 229453 237680 238247 238814 230020 230587 220670
100 7058
13789 20847 13789 18159 25217 32275 22582 22582 35439 37921 44979 52037 37921 46281 53339 48142 55200 48142 61361 65749 72807 79865 65749 74634 81793 88851 95909 81793 92942 100000 107058 101065 101065 118993 126051 128710 135768 128710 143338 146108 153166 160224 146108 157600 167266 174324 181382 167266 179107 186165 193223 181505 181505 189851 193470 200528 207586 193470 205272 212330 210727 217785 210727 224769 228725 235783 242841 228725 237332 244390 251448 244057 244057 259690 266748 264692 271750 264692 281486 288544 295602 281783 281783 282613 286120 293178 300236 286120 291932 298990 306048 301866 301866 315242 322300 329358 315698 315698 327175 334233
100 7438
9704 17142 24580 9704 27584 35022 42460 32533 39971 32533 38757 45252 52690 60128 46195 45252 49790 57228 64666 51023 58461 51023 61899 69337 67050 74488 81926 67050 79721 87159 94597 81601 89039 81601 97135 100605 108043 115481 104573 100605 108648 116086 123524 117964 125402 117964 131546 138809 146247 153685 138984 138809 149952 157390 155481 162919 170357 155481 169124 176562 184000 177550 184988 177550 189933 198341 205779 213217 197371 198341 211817 219255 215627 223065 230503 215627 234015 241453 248891 244001 251439 244001 256517 263955 271393 263005 270443 263005 279785 287223 294661 286758 294449 297467 304905 312343 301887 309325 294196 301634
100 9043
7382 16425 25468 11581 20624 29667 11581 24977 28302 31971 41014 50057 37345 46388 34020 43063 31971 47028 56071 56202 65245 64752 73795 82838 74288 65114 64752 74850 81242 90285 90684 99727 108770 99328 83893 92936 90684 103307 109505 118548 119376 128419 137462 127591 112350 121393 119376 128222 137265 130211 140135 149178 158221 139254 148297 146308 140135 155552 157389 163717 172760 181803 166432 175475 164595 173638 163717 168051 173960 178788 187831 196874 183003 192046 177094 186137 178788 185195 194238 203281 191556 192160 201203 210246 200599 209642 192160 197209 198377 200705 209748 218791 207420 216463 206252 215295 200705 207179 216222 225265
100 5632
5728 12010 17642 16261 21893 24958 30590 36222 27525 23274 34953 36613 42245 47877 40585 46217 36613 49520 55152 60784 58758 64390 70022 67694 73049 78681 76756 82388 88020 84313 73326 78958 79661 87651 93283 98915 87651 88873 94505 100137 89968 93860 99492 105124 95600 94626 99035 104667 101798 107430 113062 105634 111266 116898 110299 100258 105634 109535 115167 114841 115112 118058 123690 129322 118742 124374 130006 123458 129090 134722 129001 134633 140265 120744 126376 120473 129001 144267 149899 152264 157896 152881 153473 159105 163215 168847 163704 165270 170902 176534 169336 174968 174479 164737 158513 164145 165270 169331 174963 180595
100 7838
9760 17598 9760 17539 18585 26423 28255 29744 37735 45444 53504 61342 69180 53282 61120 45573 53411 37582 45420 36093 43931 34261 53504 63115 69809 77647 77963 85801 93639 85927 93765 101603 85485 70953 78791 94981 95702 98441 106279 114117 103540 111378 98441 108655 116493 124331 114037 123618 129118 136956 144794 131456 136896 144734 152572 140415 148253 156091 149687 157525 165363 139294 149687 155392 163230 157624 162500 168902 170052 177890 185728 176740 173237 174231 182069 189907 181075 188913 184578 170338 178176 165462 174231 188459 196297 204135 189641 197479 205317 193104 198732 206291 214129 221967 206570 214408 215609 223447 231285 200942
100 7341
10313 12503 21663 29004 36345 19844 27185 17654 27099 34440 41781 24995 35922 35922 51055 58396 58223 59432 66773 74114 65564 72905 65737 61085 68426 67732 75929 83270 83318 90659 98000 90611 75073 83318 96616 103957 99459 106800 101247 108588 115929 114141 108871 110042 115018 123318 130659 138000 122359 129700 117383 124724 116212 123318 139648 146989 147176 147464 154824 162165 169506 161755 169096 170331 177672 185013 174871 182212 189553 176437 154805 162146 154517 174871 177950 185291 192632 178371 180176 180747 186334 193675 188725 195838 203179 210520 196066 203407 201016 188088 195429 187517 194858 195838 204826 212167 219508 208450 215791 223132
100 8831
6772 6772 11758 20589 29420 15456 24287 33118 24674 33505 42336 24674 30057 38888 31299 34614 43445 52276 40130 48961 47719 34614 44339 53170 53961 62792 58372 67203 76034 71623 62001 58372 60698 69529 66046 74877 72683 81514 90345 83708 78360 72683 83460 92291 101122 89893 98724 107555 91895 100726 109557 91895 107280 116111 114910 121572 130403 139234 123741 132572 124942 121572 134405 143236 152067 137014 143013 151844 160675 145845 154676 143013 153994 162825 171656 161947 170778 179609 168583 177414 186245 168583 170320 170625 179456 188287 173333 182164 190995 179151 187982 173333 188776 197607 206438 189764 198595 207426 197412 206243
100 1004
9666 10670 11674 16830 17834 17916 18920 19924 22101 23105 26975 27979 36681 37685 38689 28983 24109 36681 48695 49942 53267 54271 55275 50946 51950 49699 50703 60020 67650 70781 71785 78012 79016 80020 72789 68654 69658 78012 89660 96913 103764 108592 109596 110600 104768 105772 97917 112913 116299 120918 121922 122926 117303 118307 113917 114921 98921 120918 137569 138573 139577 138455 141435 150158 151162 152166 142439 157586 167538 168542 176561 177565 178569 169546 158590 159594 143443 176561 184628 185632 186636 193561 194565 196813 197817 198821 198228 199232 200236 205333 206337 211768 219382 220386 221390 212772 213776 219382 232507 233511
100 3487
2488 15495 18982 22469 17548 17548 27275 30762 30310 33797 30310 47190 50677 54164 50096 50096 62633 71894 75381 78868 71894 76774 79320 82807 86294 79320 94042 96550 100037 103524 96550 101788 105275 108146 111633 108146 123881 124756 128243 131730 124756 136878 138786 142273 145760 138786 149141 152628 156115 150571 150571 165262 168749 169314 172801 169314 181092 187562 191049 194536 187562 204973 208460 211177 214664 211177 225286 231249 234736 238223 231249 237689 241176 244663 240787 240787 249256 252743 256230 249323 249323 258459 260351 263838 267325 260351 267685 270018 273505 276992 270018 288428 290576 294063 297550 290576 296944 300431 304596 308083
100 4197
5774 18468 22665 26862 20580 24777 20580 33382 37579 41776 39315 43512 39315 42056 50602 54799 58996 46253 50602 53667 56825 61022 65219 57864 56825 62773 66970 71167 72535 76732 72535 82585 92170 96367 100564 86782 92170 107388 111585 115782 109433 113630 109433 119488 129263 133460 137657 123685 129263 145481 146438 150635 154832 149678 146438 155500 159697 157483 161680 165877 157483 168419 172616 176813 177492 181689 177492 187638 194033 198230 202427 191835 194033 201948 206145 203385 207582 211779 203385 210228 218399 222596 226793 214425 218399 235240 239744 244986 249183 252202 256399 257976 262173 266370 260596 253380 243941 248138 239437 243634
100 5282
1354 12085 17367 19601 24883 19601 30546 35828 41110 30953 30953 47433 52715 57997 49424 49424 64220 73750 79032 84314 73750 78259 86931 92213 97495 86931 94403 99685 104967 102977 102977 106572 111854 109309 114591 109309 123148 132999 138281 143563 132999 140335 148374 153656 158938 148374 154901 163533 168815 174097 163533 174059 179341 184623 183748 183748 189172 194454 199736 198465 198465 206890 214849 220131 225413 214849 221700 230646 235928 241210 230646 233602 241483 246765 252047 241483 251766 257048 252208 257490 252208 260889 267956 273238 278520 267956 281029 283777 289059 294341 283777 294500 296113 301395 306677 296113 306223 311505 316787 312468
100 3125
10330 13618 16743 19868 13618 15789 18914 22039 19470 19470 31499 34624 35646 38771 35646 48307 51432 54557 55872 55872 72235 75360 80266 83391 80266 96731 98559 101684 104809 98559 108359 111484 114609 113661 113661 118564 121689 124814 127953 127953 129392 132517 134986 138111 134986 142349 143924 147049 150174 143924 156873 159998 163123 159346 159346 172936 176061 179186 173281 173281 180340 188607 191732 194857 188607 198610 201735 204860 207570 207570 218377 225892 229017 232142 225892 236747 243418 246543 249668 243418 253664 256789 259914 254546 254546 260295 263420 264581 267706 264581 272078 275203 275515 278640 275515 291069 294194 297319 300878 300878
100 598
13689 14287 14885 21163 21163 26690 27288 33591 34189 34787 33591 41726 42324 42922 47237 47835 47237 62214 62812 65091 65689 66287 65091 79135 82877 83475 84073 79733 82877 100522 101120 105899 106497 107095 105899 117367 124304 124902 125500 117965 124304 136976 137574 138172 137885 138483 137885 147356 149101 149699 150297 147954 149101 156889 164608 165206 165804 157487 164608 176903 182615 183213 183811 177501 182615 197045 203408 204006 204604 197643 203408 211872 216639 217237 217835 212470 216639 230209 234880 235478 236076 230807 234880 247499 248097 255368 255966 256564 255368 259113 264578 265176 265774 267283 269025 269623 270221 267881 268479 259711
100 8509
269025 270521 277534 271913 286043 277795 278737 286304 283309 294813 289358 297033 297867 298132 306376 307689 313966 316198 316540 324707 320232 329951 328741 337398 337250 345747 352878 354256 353691 362765 359488 360382 367997 369482 376506 372056 375479 380565 383662 389074 392573 398815 401082 404334 409591 411363 420132 419872 427033 428381 434732 442009 443241 446756 451750 455846 465355 464355 471042 472864 471054 476611 479563 486323 488072 487432 492544 495941 498531 504450 502213 511015 510722 513072 519231 520551 527701 529060 536887 537569 541529 550826 550038 557256 558547 557348 565570 565857 575421 574366 580047 587178 588556 589622 597065 589765 590275 598274 591486 606783
100 1000000
405923 19656 383999 539433 370450 327102 898045 32008 331092 825692 345253 684040 216631 532270 1000000 731517 236810 723516 91414 272439 1000000 814203 855126 162352 225162 703775 380566 667747 378507 263331 943383 300781 799339 843733 840214 1000000 170834 254610 234500 18278 80302 579752 218669 813284 628373 652209 544801 865182 375724 152566 653973 940491 966769 25450 102842 708282 245576 999759 376028 624082 779442 835762 441215 578780 679494 281428 264919 366680 52389 499418 901309 649042 595521 119977 462326 223893 772185 523478 89075 1000000 192395 259399 604751 159163 284848 223945 383796 530423 740055 759823 670857 519496 111936 112071 614627 307782 1000000 879546 674461 962238
