100
100 0
825110 825110 825110 825110 825110 825110 825110 825110 825110 825110 825110 825110 825110 825110 825110 825110 825110 825110 825110 825110 825110 825110 825110 825110 825110 825110 825110 825110 825110 825110 825110 825110 825110 825110 825110 825110 825110 825110 825110 825110 825110 825110 825110 825110 825110 825110 825110 825110 825110 825110 825110 825110 825110 825110 825110 825110 825110 825110 825110 825110 825110 825110 825110 825110 825110 825110 825110 825110 825110 825110 825110 825110 825110 825110 825110 825110 825110 825110 825110 825110 825110 825110 825110 825110 825110 825110 825110 825110 825110 825110 825110 825110 825110 825110 825110 825110 825110 825110 825110 825110
100 0
11582 20466 20466 20466 22629 22629 23141 26441 29170 32351 33728 34859 34859 34859 33728 33728 32351 32351 29170 29170 26441 26441 23141 23141 22629 11582 11582 34860 44118 44118 49747 49747 49747 44118 49945 57883 57883 57883 59689 59689 59689 69626 69626 76426 76426 79611 85239 86610 86610 86610 85239 85239 92937 102096 102096 111452 114909 114909 115868 119903 122569 132074 139195 142550 142550 147883 151973 158033 158033 166906 166906 166906 158033 151973 151973 147883 147883 142550 139195 139195 132074 132074 122569 122569 119903 119903 115868 115868 114909 111452 111452 102096 92937 92937 79611 79611 76426 69626 49945 49945
100 0
8122 8122 8122 13132 13132 16296 16296 16296 13132 16297 17894 22300 25013 33587 33587 33587 25013 25013 36806 36806 36806 45022 45022 45022 22300 22300 17894 17894 46022 49887 49887 49887 46022 46022 55925 55925 55925 55926 58056 58056 58056 67214 67214 67214 74320 79285 86351 86351 95269 95269 97619 97619 97619 95269 86351 79285 79285 74320 74320 97620 106471 106471 112854 112854 120236 128668 128668 133146 141642 143635 143635 143635 141642 141642 133146 133146 128668 120236 120236 112854 106471 149527 152478 158049 158049 158049 158769 158769 158769 166693 166693 173467 173467 173467 166693 152478 152478 149527 149527 173468
100 0
14987 14987 14987 14988 16330 16330 16330 16331 21534 21534 21534 21535 30751 30751 30751 30752 38106 38106 38106 38107 45785 45785 45785 45786 52329 52329 52329 52330 53824 53824 53824 53825 61550 61550 61550 61551 61598 61598 61598 61599 71018 71018 71018 71019 79912 79912 79912 79913 82813 82813 82813 82814 89305 89305 89305 89306 91021 91021 91021 91022 91816 91816 91816 91817 93904 93904 93904 93905 99453 99453 99453 99454 100752 100752 100752 100753 103476 103476 103476 103477 106784 106784 106784 106785 108399 108399 108399 108400 115941 115941 115941 115942 118043 118043 118043 118044 119553 119553 119553 119554
100 0
4523 8118 8118 8118 10814 10814 10814 4523 11824 11824 21068 28669 28669 28669 21068 33134 38373 38373 38373 33134 48014 56293 64785 67036 67036 67036 64785 64785 56293 56293 71638 71638 71638 77578 83169 83169 87806 87806 87806 83169 93028 101997 101997 110209 114293 114293 114293 110209 110209 101997 118761 127006 135352 135352 135352 142061 142061 142061 127006 127006 147982 153181 160601 165392 165392 165392 160601 160601 153181 153181 175227 184751 184751 184751 191162 191162 192893 192893 192893 191162 196945 196945 205359 206118 212598 212598 212598 206118 206118 205359 219410 219410 219410 223864 229961 229961 229961 223864 230228 230228
100 0
1 1 1 4 4 4 7 7 7 10 10 10 13 13 13 16 16 16 19 19 19 22 22 22 25 25 25 28 28 28 31 31 31 34 34 34 37 37 37 40 40 40 43 43 43 46 46 46 49 49 49 52 52 52 55 55 55 58 58 58 61 61 61 64 64 64 67 67 67 70 70 70 73 73 73 76 76 76 79 79 79 82 82 82 85 85 85 88 88 88 91 91 91 94 94 94 97 97 97 525589
100 0
16181 16181 22567 22927 22927 22927 22567 22567 16181 22928 25133 25133 25140 25140 25140 25133 26609 26609 26609 26610 31333 31333 37243 37243 42090 42090 42090 37243 31333 42091 42092 43973 43973 47224 47224 49908 49908 49908 47224 43973 50467 50467 55259 55259 55259 50467 57318 57318 57318 57319 60672 69210 69210 69210 69849 69849 69849 60672 60672 69850 70677 74120 74120 78762 78762 78762 74120 70677 70677 78763 85976 92043 97645 97645 97645 92043 92043 85976 85976 97646 105658 105658 109200 109200 109200 105658 116200 116200 116200 116201 119165 119165 119165 127017 127017 127017 130134 130134 130134 130135
100 0
11188 16327 16327 16327 16327 19487 19487 19487 22454 22454 22454 29404 29404 35728 35728 35728 35728 51250 51250 51250 61212 61212 61212 68705 68705 71701 71701 71701 71701 82266 82266 82266 89332 89332 89332 95140 95140 95140 100158 100158 100158 110660 110660 110660 115125 115125 115125 124693 124693 126344 126344 126344 126344 137373 137751 137751 137751 137373 137751 142088 142088 142088 147060 147060 147060 158609 165630 165630 165630 158609 165630 173755 176252 176252 176252 173755 176252 179383 182184 182184 182184 179383 182184 189323 191940 191940 191940 189323 191940 194245 194245 197687 199205 200149 200149 200149 199205 199205 197687 197687
100 0
8558 8558 8558 8558 16203 16203 16203 19847 19847 28053 28053 29426 29426 29426 38914 40515 40515 40515 40515 50959 55467 55467 55467 55467 67613 67613 68800 68800 68800 74699 74699 80886 80886 80886 86534 86534 94979 94979 94979 101288 108564 108564 108564 108564 123412 123412 123412 133153 133153 147185 153947 153947 153947 153947 159659 159659 159659 165983 165983 175360 183585 183585 183585 183585 188794 188794 188794 192319 192319 203398 203398 207942 207942 207942 215086 215086 222643 222643 222643 230395 230395 230395 238021 238021 253922 253922 258806 258806 258806 271330 276179 276179 276179 276179 279250 279250 287343 287343 287343 297319
100 0
5471 5471 5471 20955 20955 20955 22173 22173 33733 43256 43256 43256 43256 53915 53915 60932 60932 60932 70662 71824 71824 71824 71824 87942 97918 97918 97918 97918 99410 99410 99410 107354 107354 114725 123294 123294 123294 123294 132531 134405 134405 134405 134405 139425 139425 139425 141373 141373 148099 157554 157554 157554 157554 172102 173172 173172 173172 173172 180384 184526 184526 184526 184526 194985 195810 195810 195810 195810 207639 216667 216667 216667 216667 232264 240193 240193 240193 240193 250406 250406 258931 258931 258931 277930 277930 284063 284063 284063 293590 293590 297771 297771 297771 308775 308775 308775 309018 309018 315271 315271
100 0
14344 19805 19805 19805 14344 19805 33127 33127 34564 34564 34564 33127 43171 43171 48459 50247 54534 60779 60779 60779 54534 54534 50247 50247 48459 60779 67856 70209 70209 70209 73415 74445 78033 83882 83882 88609 88609 88609 83882 78033 78033 74445 74445 73415 73415 88609 93207 99830 99830 108514 108514 108514 111201 111201 111201 99830 93207 111216 112337 115239 115239 115239 112337 112337 111216 115239 124127 124127 128627 130407 130407 130407 133430 136914 136914 146848 149063 149063 149063 146848 146848 136914 133430 133430 128627 149063 163127 163127 163127 166793 166793 166793 174312 177915 177915 180770 180770 180770 177915 174312
100 0
4114 4114 4114 16919 16919 26400 31651 31651 31651 26400 26400 16919 31651 46271 47891 47891 52621 52621 52621 47891 46271 46271 52621 64814 64814 72921 72921 72921 74774 74774 74774 64814 74774 86481 86481 92484 97617 97617 97617 92484 92484 86481 97617 109799 109799 115427 115427 115427 118206 118206 118206 109799 118206 126331 130266 130266 130266 126331 126331 130356 130356 130356 130356 144384 144384 144384 147819 156640 156640 156640 147819 147819 156640 166029 166029 166029 169950 177561 177561 177561 169950 169950 177561 193785 193785 193785 199605 206942 206942 206942 199605 199605 206942 221321 230666 230666 235487 235487 235487 230666
100 0
11948 11948 11948 11948 22340 22340 29599 29599 29599 40099 40099 49228 49228 49228 63186 66173 66173 66173 66173 70864 79114 79114 79114 79114 91191 91191 93853 93853 93853 103269 103269 104487 104487 104487 115153 115153 115153 122829 122829 136434 139576 139576 139576 139576 148827 155267 155267 155267 155267 162988 172913 172913 172913 172913 184830 184830 190876 190876 190876 199615 207009 207009 207009 207009 222374 222374 231799 231799 231799 247462 247462 247462 248807 248807 263521 263521 263521 269635 269635 275076 275076 275076 283083 283083 299862 307815 307815 307815 307815 322927 331539 331539 331539 331539 335421 335421 335421 342274 342274 352018
100 0
3432 4888 4888 4888 3432 3432 4888 15058 15244 20066 20066 20066 15244 15244 15058 15058 20066 32674 36978 36978 38166 38166 38166 36978 32674 32674 38166 47344 55502 59915 59915 59915 55502 55502 47344 47344 59915 76027 76690 76690 85319 85319 85319 76690 76027 76027 85319 93646 93646 98216 98216 103341 103341 103341 98216 93646 103341 114035 120339 120339 120339 114035 127186 127186 127186 114035 127186 135175 135175 135175 135879 135879 136389 136389 136389 135879 136389 151145 154649 154649 159715 159715 159715 154649 151145 151145 159715 177439 177439 180770 185240 185240 185240 180770 180770 177439 185240 192960 192960 192960
100 0
7545 7545 7545 7545 16513 23188 23188 23188 16513 23188 33862 38684 38684 38684 33862 38684 43755 43755 43755 46941 46941 46941 61597 68587 68587 68587 61597 68587 80945 80945 80945 82589 82589 82589 95993 95993 98194 98194 98194 98194 117151 119059 119059 119059 117151 119059 122609 132158 132158 132158 122609 132158 143679 143679 152241 152241 152241 152241 157647 161863 161863 161863 157647 161863 174094 177412 177412 177412 174094 177412 191726 195742 195742 195742 191726 195742 207307 214846 214846 214846 207307 214846 223858 227776 227776 227776 223858 227776 236177 236177 236177 245078 245078 249209 249209 258253 258253 258253 249209 245078
100 0
10827 10827 13272 13272 13272 18713 18713 18713 27577 32162 32162 32162 27577 27577 32162 44889 44889 44889 48924 50211 50211 50211 48924 48924 50211 63907 63907 63907 68590 70960 70960 70960 68590 68590 70960 79401 79401 88797 88797 94140 94140 94140 88797 79401 94140 100990 100990 100990 104691 106001 106001 106001 104691 104691 106001 119449 119449 119449 119949 119949 126812 126812 126812 119949 126812 141740 141740 141740 146850 146850 146850 154328 154328 154328 154328 165437 171129 173014 173014 173014 171129 171129 165437 165437 173014 181403 188865 188865 190026 190026 190026 188865 181403 181403 190026 192128 195939 195939 195939 192128
100 0
5314 9728 13763 21884 26542 26542 26542 21884 21884 13763 13763 9728 9728 5314 5314 26542 38639 38639 38639 42025 42025 47699 47699 47699 42025 52490 52490 55767 55767 63864 71756 71756 71756 63864 63864 71756 82893 86235 88757 88757 88757 86235 98562 98562 98562 103466 103466 104688 104688 104688 103466 86235 110870 110870 110870 110870 119084 120767 120767 120767 124784 124784 128493 136072 142908 149963 149963 149963 142908 142908 136072 136072 128493 128493 124784 149963 161397 170741 170741 170741 161397 161397 172029 172029 172029 174828 175069 176326 176326 176326 179484 179484 179484 175069 175069 179484 186873 186873 186873 187005
100 0
18440 18440 27312 27312 27312 33373 42888 42888 42888 33373 42888 44805 45339 45339 45339 44805 45339 56391 56391 56598 56598 56598 56598 65339 65339 73419 73419 73419 73419 91368 91368 91368 95071 95071 95071 103895 103895 105509 105509 105509 105509 116859 123951 123951 123951 116859 123951 133934 142380 142380 142380 133934 142380 160522 160522 163899 163899 163899 163899 178215 178215 178215 185223 185223 185223 202876 202876 202876 210975 210975 210975 219276 219276 219276 226053 226053 226053 236016 236016 236016 243169 243169 243169 255048 255048 261954 261954 261954 261954 265260 272852 272852 272852 265260 265260 281402 281402 281402 288048 288048
100 0
8551 8551 21611 23732 23732 23732 23732 29811 39473 39473 39473 39473 52445 59540 59540 59540 59540 78552 78552 78552 78805 78805 90524 91910 91910 91910 91910 97275 97402 97402 97402 97402 110937 117315 117315 117315 117315 129307 129307 129307 138471 138471 154580 158070 158070 158070 158070 165242 166563 166563 166563 166563 182847 184174 184174 184174 184174 194496 195581 195581 195581 195581 205162 205162 205162 210499 210499 220463 220463 220463 224926 224926 237504 237504 247279 247279 247279 257969 257969 257969 262112 262112 271481 271481 275912 275912 275912 286329 292400 292400 292400 292400 306656 306656 306656 316040 316040 326920 326920 326920
100 0
7213 16203 16203 16203 16418 16418 17053 20248 20248 20248 20248 29334 29334 32966 32966 32966 47267 49553 49553 49553 49553 62288 62288 63853 63853 63853 71474 71474 71474 74238 74238 82088 82088 83849 83849 83849 86568 86568 86568 87965 87965 96514 96514 98018 98018 98018 109728 111507 111507 111507 111507 123764 123764 124067 124067 124067 137384 142409 142409 142409 142409 152234 161605 161605 161605 161605 166882 166882 172703 172703 172703 182107 188170 188170 188170 188170 198281 198281 205406 205406 205406 214245 214245 220741 220741 220741 227207 227207 237125 237125 237125 251135 256058 256058 256058 256058 270397 270397 270397 273746
100 0
12043 17532 17532 17532 12043 22257 22257 22257 32337 32337 32337 35459 36800 36800 36800 35459 35459 36800 48546 48546 52719 56833 56833 56833 52719 52719 48546 56833 71953 71953 79597 79597 79597 71953 86480 86480 86480 86480 94894 94894 94894 97047 97047 100275 100275 100275 97047 100275 118442 124248 124248 124248 131650 131650 131650 118442 118442 131650 141467 150153 155022 155022 155022 150153 150153 141467 141467 155022 161036 161036 161036 169485 169485 169485 178320 178320 178320 178320 190021 190021 190021 197879 202829 202829 202829 197879 197879 202829 208021 217544 217544 225373 225373 225373 217544 208021 208021 225373 245009 245009
100 0
10084 10084 10084 11677 14004 22872 25135 25135 25135 29353 29353 29353 22872 22872 14004 14004 29353 35157 35157 35157 37307 38881 43791 53424 59918 59918 59918 61333 61333 61333 53424 53424 43791 43791 38881 38881 61333 69086 78875 78875 86789 86789 86789 94295 94295 102370 106960 116123 116123 116123 106960 106960 102370 102370 94295 78875 116123 129161 136842 136842 136842 139814 140655 140655 140655 139814 139814 129161 129161 141034 141034 145677 150158 150158 150158 145677 150158 159652 161890 161890 165068 165068 165068 168446 168446 168446 169410 173317 178118 178118 178118 173317 173317 169410 169410 161890 178118 186933 186933 186933
100 0
5249 13773 13773 13773 5249 5249 17799 25041 26737 26737 26737 25041 25041 26737 39237 47761 47761 47761 53037 53037 62162 63292 72318 72318 72318 72475 72475 72475 63292 63292 62162 62162 53037 72475 79239 88935 88935 89081 89081 89081 88935 79239 93301 93825 93825 101929 110664 110664 110664 101929 101929 93825 93301 110664 117034 124692 126106 126106 136102 136102 136102 126106 124692 124692 117034 138891 138891 144371 144371 150588 150588 150588 144371 150588 162246 164279 165472 165472 166884 174708 183359 183359 190771 190771 190771 183359 174708 174708 166884 166884 165472 164279 164279 190771 196366 200742 200742 200742 196366 196366
100 0
8092 15932 18550 18550 18550 15932 18550 31804 37899 37899 37899 31804 37899 52567 53369 53369 53369 52567 53369 65564 65564 65564 73870 73870 73870 77554 77554 82495 82495 82495 82495 88748 88748 94918 94918 94918 94918 113146 120366 120366 120366 113146 120366 133032 133032 137984 137984 137984 137984 145131 149642 149642 149642 145131 149642 155689 164945 164945 164945 155689 164945 168100 168100 168100 176219 176219 176219 187945 187945 187945 196836 196836 196836 206224 210093 210093 210093 206224 210093 222522 222522 222522 222706 222706 222706 233391 239326 245796 253895 255970 255970 255970 253895 253895 245796 245796 239326 239326 233391 233391
100 0
9148 19120 19120 27779 36473 36473 36473 27779 27779 19120 9148 9148 36473 54723 60940 60940 65620 74654 76490 78968 82340 82340 82340 78968 78968 76490 76490 74654 74654 65620 65620 60940 82340 89999 96203 102329 107722 107722 107722 102329 102329 108095 108095 114256 114256 116632 116632 116632 114256 108095 96203 96203 116632 131697 137243 146169 146741 146741 146741 150460 150460 150460 155299 155299 155529 155529 155529 155299 146169 146169 137243 137243 155529 164594 164594 172081 181806 181806 181806 182979 187213 187213 187213 192112 192112 192112 199394 199394 199394 182979 182979 172081 199394 213314 220514 220514 220514 223017 223017 223017
100 0
3151 3151 3151 12755 12755 12755 23703 23703 30067 30666 30666 30666 37538 42990 43305 43305 43305 53230 53230 53230 42990 42990 37538 37538 30067 53230 63483 65671 68624 68624 68624 74920 74920 84451 84451 93999 93999 94144 94144 94144 93999 84451 74920 65671 65671 94144 101168 106059 106059 114009 118632 118632 118632 114009 114009 125096 127742 136221 136221 136221 127742 127742 125096 125096 106059 136221 146998 154791 154791 154791 146998 154991 154991 154991 146998 160986 170939 170939 175951 175951 175951 182173 182173 182173 170939 182173 191047 200523 203837 212946 221362 221362 221362 212946 212946 203837 203837 200523 200523 191047
100 0
9070 9070 20536 20536 20536 24983 24983 24983 31924 31924 37198 37198 37198 37198 46446 46446 46446 49148 49148 49148 57756 61044 61044 61044 57756 61044 70313 70313 78544 78544 78544 78544 93828 93828 93828 98579 98579 98579 111299 121158 121158 121158 111299 121158 132191 139617 139617 139617 132191 139617 151420 159940 159940 159940 151420 159940 163107 163107 163107 172426 172426 172426 177653 177653 177653 181096 181096 181096 197047 197047 197047 199552 199552 199552 215229 222560 222560 222560 215229 222560 227082 227082 227082 234524 234524 234524 249833 249833 258643 258643 260351 268375 268375 277793 277793 277793 268375 260351 260351 258643
100 0
6180 14857 20451 20451 21973 21973 21973 20451 14857 14857 21973 31827 31827 36870 45943 45943 45943 36870 36870 31827 45943 58187 66048 74110 74110 74110 66048 66048 58187 58187 74110 89878 95251 95251 103833 103833 103833 95251 89878 89878 103833 112348 112348 112348 118691 126756 126756 126756 118691 118691 126756 140439 150247 155013 155013 155013 150247 150247 140439 140439 155013 170331 174731 181775 181775 181775 174731 174731 170331 170331 181775 198259 198259 204344 204344 209188 209188 209188 204344 198259 209188 221695 225499 225499 225499 221695 221695 234164 234164 234164 234164 241826 244577 247686 247686 247686 244577 244577 241826 241826
100 0
11731 11731 22240 22240 30865 30865 30865 47787 48743 48743 48743 48743 60769 60769 60769 61575 61575 75318 75318 78607 78607 78607 96462 106402 106402 106402 106402 115978 124896 124896 124896 124896 138782 139052 139052 139052 139052 148804 148804 152697 152697 152697 167950 171371 171371 171371 171371 176254 179827 179827 179827 179827 187932 193466 193466 193466 193466 206455 209510 209510 209510 209510 218581 224488 224488 224488 224488 232416 232416 232416 240147 240147 253257 259363 259363 259363 259363 271590 271590 271590 275850 275850 287715 287715 297512 297512 297512 310117 310117 314726 314726 314726 320121 326156 326156 326156 326156 331739 331739 331739
100 0
8797 16814 24592 24592 24592 24592 37167 37167 38695 38695 38695 45392 45392 45392 53960 53960 66176 67169 67169 67169 67169 83364 91876 91876 91876 91876 99322 99322 99322 100272 100272 106548 106548 106666 106666 106666 122744 122744 122744 126083 126083 135158 135158 135158 143455 143455 156609 159693 159693 159693 159693 177581 179628 179628 179628 179628 191747 192952 192952 192952 192952 205045 205045 205045 213746 213746 219269 219269 227457 227457 227457 233285 233285 239935 239935 239935 247994 247994 256546 256546 256546 260242 260242 260242 267126 267126 278630 288069 288069 288069 288069 303595 307331 307331 307331 307331 322726 329702 329702 329702
100 0
5780 14567 14567 14567 14567 23452 23452 23452 25795 31822 35907 35907 35907 38901 43538 43538 46106 46106 46106 43538 38901 38901 31822 31822 46106 52896 59440 59440 66804 71474 71474 71474 73119 76152 76152 76152 73119 79647 79647 79647 73119 66804 66804 59440 79647 91195 92839 101008 108322 108322 118203 127033 127033 133804 133804 133804 127033 118203 118203 108322 101008 101008 92839 92839 133804 148226 148226 155834 164470 166202 166202 171754 171754 180800 180800 181373 181373 181373 180800 171754 166202 164470 164470 155834 181373 183113 192827 201326 209630 209630 209630 213653 213653 213653 201326 201326 192827 192827 183113 183113
100 0
12163 12163 12163 25553 25553 33392 33392 33392 37439 37439 41345 41345 41345 57991 57991 57991 67431 67431 83982 87158 87158 87158 87158 97901 97901 99880 99880 99880 106557 106557 112325 112325 112325 127210 127210 127210 131715 131715 144603 144603 144603 147712 147712 155010 155010 155010 163105 163105 166805 172376 172376 172376 172376 183058 189095 189095 189095 189095 203435 209265 209265 209265 209265 217123 218072 218072 218072 218072 225839 227137 227137 227137 227137 244141 249531 249531 249531 249531 266039 275869 275869 275869 275869 286489 296286 296286 296286 296286 311549 318863 318863 318863 318863 329575 329575 329575 334489 334489 344518 344518
100 0
7496 11859 11859 12908 13312 13312 13312 12908 12908 11859 13312 18969 21265 24294 32192 32192 32192 37126 37835 38880 38880 38880 37835 37835 37126 37126 24294 24294 21265 21265 38880 51619 51619 60608 60608 60608 51619 63967 65485 65485 70448 75855 75855 75855 79126 79126 79126 70448 70448 65485 79126 88812 88812 95417 99206 99206 99206 99338 99338 99338 95417 95417 100318 100318 100318 88812 104139 104139 104139 108357 108357 115762 116488 116488 120484 120736 120736 123943 124759 132882 132882 132882 124759 124759 123943 123943 120736 120484 120484 116488 132882 149614 149614 149614 151694 151694 161104 161104 161104 151694
100 0
13373 13373 13373 16931 16931 16931 22384 26962 33991 33991 33991 26962 26962 22384 22384 33991 45717 45717 54735 60457 60457 60457 54735 54735 45717 60457 70702 80207 83520 83520 83520 80207 80207 70702 70702 83520 93963 103689 111664 111664 111664 103689 103689 93963 93963 111664 117834 117834 117834 119737 119737 119737 122509 122509 122509 122509 129016 135880 135880 135880 129016 145365 145365 145365 129016 145365 158910 158910 158910 167122 175581 175581 175581 167122 167122 175581 184030 184051 191059 191059 191059 184051 184051 184030 184030 191059 204818 211030 220638 220638 220638 211030 211030 204818 204818 220638 233993 233993 238734 238734
100 0
8585 10605 10605 10605 8585 8585 10605 21727 21727 21727 27340 27340 29327 29327 29327 27340 29327 41131 42406 47008 47008 47008 42406 42406 41131 41131 47008 62502 62502 62502 64930 68162 68162 68162 64930 64930 68162 85815 94541 103454 103454 103454 94541 94541 85815 85815 103454 112602 112602 122028 124737 124737 124737 122028 122028 112602 124737 138998 138998 140906 140906 149961 149961 149961 140906 138998 149961 160171 164815 170840 170840 170840 164815 164815 160171 160171 170840 182575 191353 191353 192454 192454 192454 191353 182575 182575 192454 207904 207904 215289 215289 215289 221159 221159 221159 207904 221159 237727 237727 237727
100 0
5153 5153 5153 5153 12562 12562 12562 13164 13164 13164 14149 14149 14149 14149 23896 23896 30317 38363 38363 38363 30317 30317 23896 38363 44458 44458 52290 52290 52290 44458 60584 60584 60584 60584 78220 78220 78220 85510 94754 94754 94754 85510 85510 94754 108404 108404 108404 114678 114678 114678 121935 121935 121935 121935 131734 131734 134610 135569 135569 135569 134610 134610 131734 135569 143217 143217 143217 153054 153054 153054 158325 158325 158325 158325 169370 169634 178437 178437 178437 169634 169634 169370 169370 178437 189125 194014 202099 202099 202099 194014 194014 189125 189125 202099 214456 215577 215577 215577 214456 214456
100 0
13283 13283 21312 21312 21312 30943 30943 30943 39790 39790 39790 46558 46558 46558 46558 56222 58877 64426 64426 64426 58877 58877 56222 56222 64426 68731 71689 71689 71689 68731 68731 78612 78612 78612 78612 82427 87065 89354 89354 89354 87065 87065 82427 82427 89354 91948 91948 91948 101294 106781 106781 106781 101294 101294 106781 116871 122826 123283 123283 123283 122826 122826 116871 116871 123283 134859 134859 134859 137212 146396 146396 146396 137212 137212 146396 158665 161930 170041 170041 170041 161930 161930 158665 158665 170041 172291 177342 177731 177731 177731 177342 177342 172291 172291 177731 188815 190863 190863 190863 188815
100 0
5128 14322 14322 14322 14322 19699 19699 19699 23852 23852 23852 33802 40630 40630 40630 33802 40630 52016 52016 52016 58452 58452 58452 70516 70516 70516 80049 80049 80049 90931 90931 90931 95725 95725 95725 111870 119314 119314 119314 111870 119314 123091 123091 123091 124372 124372 124372 137456 137456 137456 142454 142454 142454 151425 151425 159537 159537 159537 159537 169514 169514 177751 177751 177751 177751 191763 192062 192062 192062 191763 192062 204654 205784 205784 205784 204654 205784 217580 217580 224484 224484 224484 224484 227983 236216 236216 236216 227983 236216 250880 260575 260575 260575 267499 267499 273704 273704 273704 267499 250880
100 0
18005 18005 18005 31030 31030 34147 34147 34147 36832 36832 36832 31030 36832 52239 52239 52239 59422 59422 62921 62921 62921 59422 62921 76405 76405 77093 77093 84212 84212 84212 77093 76405 84212 97627 102593 107714 107714 107714 102593 102593 97627 97627 107714 114574 115228 115228 115228 114574 114574 117389 117389 117389 117389 126191 132003 133712 133712 133712 132003 132003 126191 126191 133712 140075 140075 140075 144356 151704 151704 151704 144356 144356 151704 165701 167568 174075 174075 174075 167568 167568 165701 165701 174075 181671 181671 181671 186417 189480 189480 189480 186417 186417 189480 204390 208365 208365 212200 212200 212200 208365
100 0
13639 13639 13639 22893 22893 22893 27622 27622 32999 41805 41805 41805 41805 50511 50511 50511 53377 53377 62311 62311 62311 71089 71089 77391 84491 84491 84491 84491 93085 94490 94490 94490 94490 100105 107508 107508 107508 107508 113986 118986 118986 118986 118986 125100 125100 133551 133551 133551 147878 147878 157608 157608 157608 167637 167637 167637 171504 171504 180244 180244 185237 185237 185237 203215 203215 203215 212414 212414 217253 217253 217253 217627 217627 227813 232409 232409 232409 232409 242089 250164 250164 250164 250164 261783 262458 262458 262458 262458 267340 267340 276176 276176 276176 284580 293092 293092 293092 293092 312215 312215
100 0
6031 9336 15092 15092 15092 9336 9336 15092 25299 26719 26719 34468 34468 34468 26719 25299 25299 34468 40957 42272 52097 52097 52097 42272 42272 40957 40957 52097 66793 68510 75791 75791 75791 68510 68510 66793 66793 75791 83834 83834 83834 89840 89840 95932 95932 95932 89840 95932 107829 108683 115961 115961 115961 108683 108683 107829 107829 115961 122889 122889 122889 126321 133652 133652 133652 126321 126321 133652 143496 143496 152704 156990 156990 156990 152704 152704 143496 156990 169623 171227 171227 173407 173407 173407 171227 169623 169623 173407 178929 186443 187968 187968 187968 186443 186443 178929 178929 187968 197367 197367
100 0
4533 4533 17518 25135 25135 25135 25135 36126 36126 41327 41327 41327 48753 48753 50173 50173 50173 64375 64828 64828 64828 64828 71468 71468 71468 78579 78579 82351 88580 88580 88580 88580 99902 99902 109216 109216 109216 116167 121727 121727 121727 121727 127017 130946 130946 130946 130946 150215 152386 152386 152386 152386 154700 157137 157137 157137 157137 161087 169277 169277 169277 169277 182956 191362 191362 191362 191362 198893 204186 204186 204186 204186 218317 219660 219660 219660 219660 229985 234801 234801 234801 234801 244135 247610 247610 247610 247610 252015 260551 260551 260551 260551 272382 272382 277927 277927 277927 285209 285209 285209
100 0
5535 5535 5535 5535 20732 26082 26082 26082 26082 40903 40903 40903 41355 41355 43363 43363 52996 52996 52996 59279 59279 61205 61205 61205 77041 77041 80719 80719 80719 94809 94809 101098 101098 101098 115560 115560 115560 119465 119465 131755 131755 131755 132680 132680 148703 150570 150570 150570 150570 160571 161225 161225 161225 161225 175256 181739 181739 181739 181739 192432 192432 195828 195828 195828 205538 215178 215178 215178 215178 232286 232286 240449 240449 240449 248605 258353 258353 258353 258353 273090 273286 273286 273286 273286 279269 279269 287806 287806 287806 303026 303026 309528 309528 309528 311878 317345 317345 317345 317345 329941
100 0
6539 6539 6539 20517 22470 22470 22470 20517 20517 30953 30953 30953 30953 34362 36846 40043 40043 40043 36846 36846 34362 34362 40043 55673 60438 60438 60438 67214 67214 67214 55673 55673 67214 76672 76672 76672 83481 83481 83481 84705 84705 84705 84705 100114 107575 112710 112710 112710 107575 107575 100114 100114 112710 127646 127646 135939 144822 144822 144822 135939 135939 127646 144822 158976 158976 158976 168446 168964 168964 168964 168446 168446 168964 184647 193159 203072 203072 203072 193159 193159 184647 184647 203072 216598 220881 229894 229894 229894 220881 220881 216598 216598 229894 233886 238987 238987 238987 233886 233886 247472
100 0
10950 16381 16381 16381 10950 16381 35134 38298 38298 38298 35134 38298 46854 46854 47424 47424 47424 47424 61924 71833 71833 71833 61924 71833 80860 86931 86931 86931 80860 86931 99414 109166 109166 109166 99414 109166 112796 116210 116210 116210 112796 116210 117333 120779 120779 120779 117333 120779 137631 137631 142232 142232 142232 142232 157686 161777 161777 161777 157686 161777 171235 171235 174295 174295 174295 174295 188165 197213 197213 197213 188165 197213 207192 213199 213199 213199 207192 213199 226018 226018 226018 233208 233208 233208 243646 252100 252100 252100 243646 252100 256266 256266 256266 260179 260179 260179 261981 262797 262797 262797
100 0
5849 5849 5849 17615 17615 17615 25855 25855 25855 44760 54707 54707 54707 44760 54707 70902 70902 76477 76477 76477 76477 85887 92393 92393 92393 85887 92393 101656 101656 103386 103386 103386 103386 104481 104481 112975 112975 112975 112975 132038 132038 132038 138085 138085 138085 154529 154529 154529 161487 161487 161487 175447 175447 175447 179673 179673 179673 190550 190550 190550 198938 198938 198938 208422 213992 213992 213992 208422 213992 228187 234450 234450 234450 228187 234450 242888 246852 246852 246852 242888 246852 264456 264456 267888 267888 267888 267888 272978 278457 287663 295544 295544 301983 301983 301983 295544 287663 287663 278457 278457
100 0
3225 3225 3225 13571 17025 17025 17025 17025 22371 25999 25999 25999 25999 43563 43563 45720 45720 45720 60292 60292 60292 64983 64983 80451 80451 80451 84780 84780 95516 95516 97230 97230 97230 108164 116590 116590 116590 116590 121216 121216 121216 121529 121529 132002 132002 132002 137298 137298 140486 140486 140486 142335 142335 154254 154504 154504 154504 154504 171163 179800 179800 179800 179800 192209 192209 194821 194821 194821 206263 206263 206263 213642 213642 230302 230302 233682 233682 233682 240183 240183 240183 243748 243748 249660 252578 252578 252578 252578 263251 263251 265849 265849 265849 283308 288351 288351 288351 288351 299154 299154
100 0
10828 10828 16730 26484 26484 26484 16730 16730 10828 26484 27989 27989 36674 36674 36929 41676 43589 43981 43981 43981 43589 45057 45057 45057 43589 41676 41676 36929 36929 45057 53312 61371 67816 67816 67816 61371 73007 73007 79121 79121 79121 85729 85729 85729 87308 87308 87308 73007 61371 87308 100627 105623 105623 107831 113835 113835 116392 124985 124985 130290 130290 130290 124985 116392 116392 113835 107831 107831 105623 130290 137956 137956 137956 145858 145858 145858 146598 147470 147470 155143 155143 157880 162039 162039 162039 157880 157880 155143 147470 162039 172852 173066 173066 179904 179904 179904 185742 185742 185742 173066
100 0
11881 13345 13345 22933 25866 25866 25866 22933 34316 40261 40261 43128 43128 43128 40261 34316 34316 22933 13345 43128 46311 50965 52820 52820 52820 55057 55057 62126 62126 62126 69083 73553 73553 73553 69083 69083 55057 50965 50965 73553 83739 83739 83739 93060 94764 94764 98454 106816 106816 106816 98454 98454 94764 112670 112670 117112 117112 117112 112670 117112 127784 134393 134393 134393 127784 127784 137955 137955 137955 147742 147742 154376 154376 154376 159426 163564 163564 163564 159426 163564 173542 173542 179622 185637 185637 185637 187828 187828 187828 179622 195235 195235 196202 196202 203306 203306 203306 196202 195235 203306
100 0
11435 11435 11435 18153 18153 18153 28322 29317 29317 29317 28322 29317 36546 36546 41694 41694 41694 41694 49201 49201 49201 56559 56559 56559 70923 70923 70923 78764 78764 78764 85987 93804 93804 93804 85987 93804 111221 111221 111221 113094 113094 113094 124894 130109 130109 130109 124894 130109 136192 140492 140492 140492 136192 140492 143102 146314 146314 146314 143102 146314 160935 160935 164643 164643 164643 164643 179903 179903 184631 184631 184631 184631 195782 199895 199895 199895 195782 199895 210032 214965 214965 214965 210032 214965 227460 227944 227944 227944 227460 227944 243373 244449 244449 244449 251878 251878 251878 260604 260604 260604
100 0
11195 11195 11195 13784 20821 20821 29705 31890 31890 31890 29705 29705 20821 13784 31890 42550 42550 42550 46091 46944 46944 50023 58043 63668 64534 64534 64534 63668 63668 58043 58043 50023 50023 46944 64534 82210 85938 94363 94363 94363 98044 98044 98044 107461 107461 109409 109409 109409 112574 112574 112574 107461 85938 85938 112574 119802 119802 120526 120526 120526 129874 129874 137135 143320 143320 146149 146149 146149 143320 137135 137135 151054 151054 151054 151054 160906 165708 165708 165708 169852 175683 176930 176930 184523 184523 184523 176930 187868 187868 187868 175683 175683 169852 169852 187868 199742 199742 199742 207239 207239
100 0
6521 6521 6521 6521 22787 22787 22787 30194 30194 30194 34644 36992 36992 36992 34644 36992 50189 50189 59815 59815 59815 59815 69269 72357 72357 72357 69269 72357 86865 86865 86865 96230 96230 96230 110807 110807 110807 112545 112545 112545 123009 129528 129528 129528 123009 129528 141316 141633 141633 141633 141316 141633 155662 155662 162850 162850 162850 162850 178520 184337 184337 184337 178520 184337 193663 193663 201254 201254 201254 201254 212062 212539 212539 212539 212062 212539 216241 222744 222744 222744 216241 222744 225503 228444 228444 228444 225503 228444 237305 237305 239650 244445 244445 244445 250496 250496 250496 239650 239650 237305
100 0
2167 10423 10423 10423 15149 15149 15149 29475 29475 29475 37968 37968 37968 49869 49869 49869 59679 59679 59679 67084 69206 69206 69206 67084 69206 79234 79234 79234 82565 82565 82565 93531 93531 94034 94034 94034 94034 100523 100523 108495 108495 108495 108495 110092 110092 110092 116907 116907 116907 129275 129275 129275 129787 129787 129787 135221 138003 138003 138003 135221 138003 143541 143541 146765 146765 146765 146765 154312 154312 156201 156201 156201 156201 161424 161424 164524 164524 164524 164524 168167 168167 169789 169789 169789 169789 178541 180347 183338 183338 188627 195478 195478 195478 188627 188627 183338 180347 180347 178541 178541
100 0
11998 20412 28322 28322 31964 36850 36850 36850 31964 31964 28322 20412 20412 36850 46571 46571 55950 55950 55950 61088 61088 61088 46571 69251 69251 69251 69393 69393 71136 78636 78636 78636 71136 78636 90179 90179 91142 93796 95102 103103 110176 119882 119882 119882 110176 110176 103103 103103 95102 95102 93796 93796 91142 119882 121376 121376 122651 122651 132087 132087 132087 122651 136422 142420 142420 145119 145119 145119 151298 151298 151298 142420 136422 151298 154037 163347 163347 166080 166299 166299 166299 169202 172923 173942 173942 173942 172923 172923 169202 169202 166080 166080 163347 173942 188419 188419 196915 196915 196915 188419
100 0
4091 4091 4091 4091 9937 9937 13369 13369 13369 13369 28962 28962 31012 31012 31012 31012 46168 46168 46168 49573 49573 49573 57424 57424 59951 59951 59951 59951 67315 67315 67315 76500 76500 76500 88797 88797 88797 97382 97382 97382 110851 110851 118828 118828 118828 118828 130621 139050 139050 139050 130621 139050 152237 152237 158485 158485 158485 158485 163845 172313 172313 172313 163845 172313 174533 174533 174533 182474 182474 182474 190916 190916 199282 199282 199282 199282 207629 217591 217591 217591 207629 217591 232612 238789 238789 238789 232612 238789 245982 245982 245982 246842 246842 246842 248640 248640 248640 254778 254778 254778
100 0
11339 11339 17565 17565 17565 21611 21611 21611 38150 38150 46704 46704 46704 46704 51280 51280 51280 51701 51701 51701 61496 61496 70935 70935 70935 70935 77939 85797 85797 85797 77939 85797 87952 87952 93374 93374 93374 93374 104446 104446 107075 107075 107075 107075 113560 113560 113560 120672 120672 120672 129087 132988 132988 132988 129087 132988 134674 134674 142395 142395 142395 142395 149542 149542 149940 149940 149940 149940 159486 159486 166387 166387 166387 166387 178537 178537 178537 180936 180936 180936 190525 199640 199640 199640 190525 199640 203894 210203 210203 210411 210686 220296 220296 220296 210686 210686 210411 210411 210203 203894
100 0
12352 12352 12352 21659 21659 30220 30220 30220 35012 35012 35012 44125 44125 53168 53168 53168 53168 67099 73750 73750 73750 67099 73750 87498 94743 94743 94743 87498 94743 97781 97781 106523 106523 106523 106523 113272 113629 113629 113629 113272 113629 121272 121272 121272 131031 131031 131031 138063 138063 138063 145470 145470 145470 160514 160514 166600 166600 166600 166600 182445 182445 182445 188744 188744 188744 196810 203281 203281 203281 196810 203281 218829 219046 219046 219046 218829 219046 228462 234939 234939 234939 228462 234939 239632 242672 242672 242672 239632 242672 251294 251294 253978 253978 253978 251294 257533 257533 257533 257907 257907
100 0
4655 19612 20552 20552 20552 20552 28162 35394 35394 35394 35394 50730 58134 58134 58134 58134 65727 65727 71756 71756 71756 80505 87599 87599 87599 87599 98516 104509 104509 104509 104509 109052 109052 110873 110873 110873 124509 128695 128695 128695 128695 137287 139651 139651 139651 139651 150421 150421 153209 153209 153209 163035 163035 163035 164738 164738 177985 183730 183730 183730 183730 189453 189453 190601 190601 190601 201341 205355 205355 205355 205355 213164 216381 216381 216381 216381 224926 224926 233292 233292 233292 241035 246875 246875 246875 246875 261574 261574 261574 262784 262784 271556 278650 278650 278650 278650 292270 292270 298860 298860
100 0
6806 6806 12324 12324 12324 6806 16063 16063 16602 16602 25120 25120 25120 28408 35956 35956 35956 28408 28408 35956 43148 43148 47650 56124 60582 64543 67034 67034 69473 69473 69473 67034 64543 64543 60582 60582 56124 56124 47650 69473 81621 81621 81621 90272 90272 90272 91370 91370 91370 98781 105589 105589 111604 111604 111898 111898 111898 111604 105589 111898 113112 113485 113485 113485 113112 120657 120657 126618 126618 135106 135106 135106 126618 120657 113112 140942 140942 147308 147308 147308 153218 159218 159218 165510 165510 166919 167057 167057 167057 176669 176669 176669 179740 179740 179740 166919 166919 165510 159218 179740
100 0
17047 22923 22923 22923 17047 17047 22923 27284 35950 43426 43426 43426 35950 35950 27284 27284 43426 48504 48504 50446 50446 50446 55951 55951 55951 48504 55951 59796 59796 60451 70428 70428 70428 60451 60451 59796 70428 78175 78175 81870 81870 81870 91565 91565 91565 78175 91565 98281 98281 98281 103999 112308 112308 112308 103999 103999 112308 121620 121620 128617 128617 128617 121620 130042 130042 130042 130042 135520 137594 146522 146522 146522 137594 137594 135520 135520 146522 154798 160625 160625 162326 162326 162326 160625 154798 154798 162326 163035 165541 173878 173878 173878 165541 165541 163035 163035 173878 186490 186490 186490
100 0
8947 8947 18513 18513 18513 27017 27017 35244 35244 38066 38066 38066 48589 55179 55179 55179 55179 62379 69214 69214 69214 69214 80899 81971 81971 81971 81971 92139 98412 98412 98412 98412 112215 114111 114111 114111 114111 122991 122991 123108 123108 123108 132536 133719 133719 133719 133719 138309 138309 145791 145791 145791 163587 163587 164572 164572 164572 170386 170386 179826 179826 179826 188426 188426 189671 189671 189671 207390 207390 216204 216204 216204 222211 223942 223942 223942 223942 235569 235569 235569 239589 239589 250994 250994 250994 253711 253711 262026 262026 269617 269617 269617 276191 286011 286011 286011 286011 297577 297577 297577
100 0
9365 9365 12377 12377 12377 9365 12377 23971 26373 26373 34563 34563 34563 26373 23971 23971 34563 37869 37869 42911 42911 46732 46732 46732 42911 37869 46732 49744 50377 50377 50377 49744 49744 53962 53962 53962 53962 63618 72111 72381 72381 72381 72111 72111 63618 63618 72381 82408 82408 86979 95013 95013 95013 86979 86979 82408 95013 109114 109114 109114 110027 110027 110027 118298 118298 118298 118298 129369 139367 142368 142368 142368 139367 139367 129369 129369 142368 160323 160323 168508 170141 170141 170141 168508 168508 160323 170141 178067 178949 188223 188223 188223 178949 178949 178067 178067 188223 194835 194835 194835
100 0
18795 25330 25330 30355 30355 30355 25330 18795 18795 30355 38609 38609 38609 41110 49834 49834 49834 41110 41110 49834 58195 64969 64969 70206 70206 70206 64969 58195 58195 70206 75946 78267 78267 86106 86106 86106 78267 75946 75946 86106 97678 100987 100987 100987 97678 97678 105387 105387 105387 105387 107059 107059 115354 120512 120512 120512 115354 115354 107059 120512 136881 136881 136881 139358 139928 139928 139928 139358 139358 139928 157194 166925 167556 167556 167556 166925 166925 157194 157194 167556 176204 177653 187001 187001 187001 177653 177653 176204 176204 187001 204299 204299 204299 206547 215664 215664 215664 206547 206547 215664
100 0
8010 8010 8010 8010 16574 17811 17811 18576 18576 18576 17811 16574 16574 18576 32995 32995 40775 40775 44908 44908 44908 40775 32995 44908 50388 50388 52992 57923 57923 57923 52992 52992 50388 57923 65630 65630 67668 67668 67668 70295 70295 70295 65630 70295 85167 85167 85167 92035 95940 95940 95940 92035 92035 95940 99797 109351 113679 113679 113679 109351 109351 99797 99797 113679 123620 123620 123620 128584 128584 128584 131605 131605 131605 131605 144641 146625 146625 154937 154937 154937 146625 144641 144641 154937 166308 172899 174386 174386 174386 172899 172899 166308 166308 174386 189688 189688 189688 197504 197504 197504
100 0
6876 6876 6876 6876 20460 20460 24613 24613 24613 24613 30987 39417 39417 39417 30987 39417 46994 46994 53808 53808 53808 53808 64556 64556 64556 67785 67785 67785 77678 77678 87178 87178 87178 87178 97325 98681 98681 98681 97325 98681 113403 113403 114000 114000 114000 114000 119814 119814 128876 128876 128876 128876 144720 144720 152917 152917 152917 152917 158162 158162 167817 167817 167817 167817 178237 184347 184347 184347 178237 184347 201352 201352 201352 202884 202884 202884 211985 219851 219851 219851 211985 219851 227699 234646 234646 234646 227699 234646 247268 247268 247268 247471 255821 255821 255821 247471 265650 265650 265650 247471
100 0
13436 15514 15514 15514 13436 15514 30511 37296 37296 37296 44613 48284 50893 50893 58317 64290 64290 64290 58317 58317 50893 48284 48284 44613 44613 64290 73778 73778 81236 89966 89966 89966 99949 99949 99949 109815 111832 120593 120593 120593 111832 111832 109815 109815 81236 120593 128397 128397 135707 135707 135707 128397 144578 144578 145772 145772 147350 154727 154727 156548 156548 156548 154727 147350 147350 156548 170582 170582 170582 173334 173334 173334 177179 183641 183641 183641 188672 196081 196167 196167 196167 196081 196081 188672 188672 196167 202126 202126 205516 205516 205516 202126 208636 217686 221097 221097 221097 217686 217686 208636
100 0
6363 6708 6708 6708 6708 18329 18329 18329 22360 22360 35475 35475 35475 41312 41312 53814 57648 57648 57648 57648 64448 64448 64448 68532 68532 74419 84143 84143 84143 84143 87752 87752 87752 94547 94547 111695 111695 111695 121020 121020 129469 129469 129722 129722 129722 142487 142487 150587 150587 150587 158525 158525 167053 167053 167053 177586 177586 177586 183498 183498 189088 192870 192870 192870 192870 195522 195522 195522 202757 202757 210408 210408 216702 216702 216702 224057 225118 225118 225118 225118 235475 235475 237987 237987 237987 244761 248033 248033 248033 248033 251057 251057 258670 258670 258670 272907 280100 280100 280100 280100
100 0
10538 10538 19194 19194 19194 24705 29677 29677 29677 24705 29677 30645 30645 30645 39928 39928 39928 53247 53247 58884 58884 58884 58884 69926 69926 76499 76499 76499 76499 91869 97666 97666 97666 91869 97666 101105 101105 107241 107241 107241 107241 112573 118424 118424 118424 112573 118424 124230 125634 125634 125634 124230 125634 134613 141964 141964 141964 134613 141964 150220 150220 153703 153703 153703 153703 163132 168369 168369 168369 163132 168369 177322 178640 178640 178640 177322 178640 196336 196336 200009 200009 200009 200009 215166 223089 223089 223089 215166 223089 226238 230338 230338 230338 226238 234495 234495 235446 235446 235446 234495
100 0
16606 16606 24414 24414 24414 24414 27135 33267 33267 33267 27135 33267 42150 42150 42150 44338 44338 44338 53073 53073 60737 60737 60737 60737 64903 64964 64964 64964 64903 64964 74322 74322 82559 82559 82559 82559 88402 88402 92825 92825 92825 92825 94253 94253 94253 101737 101737 101737 110457 111834 111834 111834 110457 111834 128530 134698 134698 134698 128530 134698 143886 147161 147161 147161 143886 147161 156164 162489 162489 162489 156164 162489 178032 185190 185190 185190 178032 185190 193584 194135 194135 194135 193584 194135 206649 206649 206649 210491 210491 210491 222917 222958 222958 222958 226799 227354 227354 227354 226799 226799
100 0
13120 20224 28233 28233 28233 20224 20224 13120 28233 40717 40717 46391 46391 48953 54892 54892 54892 56142 65536 74533 74533 74533 65536 65536 56142 56142 48953 48953 74533 86791 86791 86969 88219 88219 95926 95926 95926 105718 111825 115293 115293 115293 111825 111825 105718 105718 88219 86969 115293 121008 121008 130792 130792 140039 149193 155295 155295 156798 156798 156798 155295 164393 164393 164393 149193 149193 140039 140039 164393 176933 176933 182209 188014 188014 194334 194334 194499 194499 194499 194334 188014 200044 207337 207337 207337 200044 200044 182209 207337 209820 214902 224739 224739 231510 231510 231510 224739 214902 214902 209820
100 0
11411 11411 11411 11411 14414 14414 24246 24246 24246 36762 36762 36762 37891 37891 54329 64266 64266 64266 64266 77126 77126 82378 82378 82378 92608 92608 95450 95450 95450 107444 107444 107444 111086 111086 122272 128809 128809 128809 128809 140252 149528 149528 149528 149528 161186 161186 161186 171171 171171 181735 182490 182490 182490 182490 196116 196116 197653 197653 197653 206013 206013 213418 213418 213418 228186 233866 233866 233866 233866 246179 251959 251959 251959 251959 265120 267903 267903 267903 267903 270411 270411 272219 272219 272219 283464 284196 284196 284196 284196 293517 293517 297739 297739 297739 307695 308714 308714 308714 308714 317079
100 0
7804 10966 10966 17309 17309 17309 21144 30854 30854 30854 30854 39611 46245 46245 46245 46245 60997 66288 66288 66288 66288 75302 75302 82206 82206 82206 91062 97460 97460 97460 97460 113451 113451 113451 119177 119177 132112 132112 137072 137072 137072 141865 142616 142616 142616 142616 150967 150967 150967 152851 152851 162585 162585 163143 163143 163143 169444 169444 169444 172729 172729 182728 190992 190992 190992 190992 204477 204477 204477 211413 211413 225838 229157 229157 229157 229157 235496 236563 236563 236563 236563 252409 256967 256967 256967 256967 262741 262741 262741 268996 268996 284339 288241 288241 288241 288241 299334 299334 299334 299394
100 0
10122 15293 21505 21505 26975 26975 36489 36489 36489 26975 21505 15293 15293 10122 10122 36489 40502 45190 47756 47756 51961 51961 51961 53471 56281 56281 65263 65263 65263 56281 53471 53471 47756 45190 45190 65263 70847 70847 76079 76079 78299 86534 86534 86534 91563 99044 105646 105646 105646 99044 99044 91563 91563 78299 78299 105646 117593 117593 117593 125637 125637 125637 131542 139708 145883 147832 147832 156336 156336 156336 147832 145883 145883 139708 139708 156336 161871 165556 175058 180429 180429 180429 181508 181508 188982 188982 189759 189759 189759 188982 181508 175058 175058 165556 165556 189759 197370 200219 200219 200219
100 0
11771 16755 24489 24489 24489 16755 16755 11771 11771 24489 39080 44289 50014 50014 50014 44289 44289 39080 39080 50014 54804 54804 63744 71072 71072 71072 63744 63744 54804 71072 78320 82601 82601 91819 91819 91819 82601 78320 78320 91819 101570 101570 111389 116397 116397 116397 111389 111389 101570 116397 131616 137969 137969 144041 144041 144041 137969 131616 131616 144041 154794 156665 156665 156665 154794 162570 162570 162570 154794 162570 175456 175456 175456 179104 179104 181968 181968 181968 179104 181968 190756 199102 199102 199102 190756 200710 200710 200710 190756 200710 212177 212177 212636 215481 215481 215481 212636 212636 212177 215481
100 0
6702 6702 6702 6702 15364 21567 21567 21567 21567 28464 28464 28464 33239 33239 52179 52179 52179 60293 60293 67092 67092 70319 70319 70319 84043 92199 92199 92199 92199 99160 99160 99160 103860 103860 119201 121292 121292 121292 121292 134704 134790 134790 134790 134790 149213 149213 152394 152394 152394 162271 167768 167768 167768 167768 178273 183866 183866 183866 183866 195194 195194 195194 202847 202847 212714 216993 216993 216993 216993 220139 220139 220139 224336 224336 228038 228038 235965 235965 235965 252508 252508 252508 259744 259744 268939 278007 278007 278007 278007 280236 282693 282693 282693 282693 293485 302233 302233 302233 302233 321174
100 0
12039 12039 12039 12039 27974 32355 32355 32355 32355 40689 40689 40689 48874 48874 63501 63501 63501 70479 70479 77257 77257 80967 80967 80967 87609 87609 87609 95325 95325 107856 107856 113587 113587 113587 129209 138074 138074 138074 138074 148200 148200 157913 157913 157913 175448 175448 180117 180117 180117 195796 195796 205258 205258 205258 215470 215470 215470 216549 216549 230597 230597 240577 240577 240577 256073 256073 263719 263719 263719 267181 267387 267387 267387 267387 274373 274373 277085 277085 277085 287724 287724 291478 291478 291478 302742 302742 302742 310691 310691 313431 320197 320197 320197 320197 332770 332770 333808 333808 333808 351520
100 0
19279 22071 22071 22071 27132 27132 27132 35233 36247 36247 36247 35233 35233 19279 36247 48727 48727 48727 55952 55952 55952 60405 66947 67923 67923 72207 72207 73438 73438 73438 72207 67923 66947 66947 73438 84051 87858 87858 96724 96724 97554 97891 97891 97891 107609 107609 108595 108595 108595 107609 97554 97554 96724 87858 108595 123189 125553 125553 133553 134931 143143 150285 150285 150285 143143 143143 152801 152801 152801 134931 134931 133553 133553 125553 152801 161068 161068 161068 167028 167028 167028 172785 172785 172785 175563 177641 178701 178701 180503 180503 180503 178701 177641 177641 180503 191254 191254 191254 195073 195073
100 0
8223 15361 18442 18442 18442 24213 24213 24213 15361 29245 29245 29245 15361 38674 38674 38674 38674 48168 48168 48168 53308 59031 62918 64472 64767 66078 66078 66078 64767 64767 64472 64472 62918 62918 59031 59031 66078 75431 77315 77315 77315 75431 75431 83455 83455 92464 92464 99828 106037 106037 106037 108563 108563 108563 99828 99828 108563 115901 120013 120013 128298 134240 138753 140245 141227 141227 141227 140245 140245 138753 138753 134240 134240 128298 128298 120013 141227 158861 158861 159666 163970 163970 163970 159666 168336 168336 170441 170441 170441 168336 170679 170679 170679 159666 179006 179006 179006 184667 184667 184667
100 0
7655 7655 7655 7655 18773 18773 21639 21639 31568 35019 39507 46878 46878 53810 53810 53810 46878 39507 39507 35019 35019 31568 31568 53810 60466 60466 66735 66735 66735 60466 70769 75956 76765 80965 90745 90745 90745 80965 80965 76765 76765 75956 75956 90745 99979 99979 107223 107223 107223 99979 110417 110417 110906 114797 114797 114797 122563 125376 125376 125376 122563 122563 110906 125376 131715 138601 138601 142646 142646 144790 144790 144790 142646 138601 151492 151492 151492 131715 156842 166062 166062 166062 156842 166062 182129 182129 188167 188167 188167 194310 194310 203689 203689 203689 194310 182129 212482 212482 212482 220015
100 0
13380 15645 15645 15645 15645 18604 18604 19659 19659 19659 30910 30910 30910 40723 40723 54762 56847 56847 56847 56847 70350 71072 71072 71072 71072 83824 83824 83824 88319 88319 91477 91477 101208 101208 101208 109651 109651 115262 115262 115262 122382 122382 122382 124377 124377 128617 128617 128617 135461 135461 150811 150811 155199 155199 155199 168265 177925 177925 177925 177925 188231 197520 197520 197520 197520 207383 207383 207383 211453 211453 218834 228388 228388 228388 228388 238728 238728 238728 240076 240076 242082 242082 249008 249008 249008 263026 265464 265464 265464 265464 275032 276291 276291 276291 276291 286671 295470 295470 295470 295470
100 0
17472 24215 30717 30717 30717 24215 24215 30717 36801 36801 44659 44659 53143 53143 53143 44659 36801 53143 64372 64372 71291 75390 75390 75390 71291 71291 64372 75390 85497 85497 85497 93443 100951 100951 100951 93443 93443 100951 120067 120067 120067 128232 128533 128533 128533 128232 128232 128533 140440 140440 141079 147056 147056 147056 141079 141079 140440 147056 154805 164305 164305 164305 167049 167049 167049 154805 154805 167049 177131 177131 177131 183802 183802 183802 191168 191168 191168 191168 199643 199643 199643 207166 211909 211909 211909 207166 207166 211909 219911 227223 232335 232335 232335 227223 227223 219911 219911 232335 236594 236594
100 0
10016 10016 15457 19510 19510 19510 15457 19510 24927 25093 25093 25093 24927 25093 40318 47802 47802 47802 40318 47802 56990 61837 61837 61837 56990 61837 80264 80264 83625 83625 83625 83625 92692 96975 96975 96975 92692 96975 109133 109133 109133 113243 113243 113243 127208 129435 129435 129435 127208 129435 139834 146084 146084 146084 139834 146084 158308 163792 163792 163792 158308 163792 175775 175775 175775 176092 176092 176092 187082 195755 195755 195755 187082 195755 207327 207327 207327 216716 216716 216716 232685 235274 235274 235274 232685 235274 252241 260826 260826 262440 271961 275291 275291 275291 271961 271961 262440 262440 260826 252241
100 0
11836 11836 16163 16163 16163 11836 24063 24063 24063 34845 34845 37439 40851 40851 40851 46212 46212 51728 51728 51728 53873 63635 63635 63635 53873 53873 46212 37439 63635 71619 71619 71619 72473 72473 75738 75738 76901 86182 89232 98964 98964 98964 89232 89232 86182 86182 76901 76901 98964 109914 116593 120570 122285 123572 123572 123572 122285 122285 120570 128169 128169 134866 134866 134866 128169 120570 116593 116593 134866 150149 154468 162537 162537 162537 170710 170990 180656 189516 189516 189516 180656 180656 170990 170990 170710 170710 154468 154468 189516 200037 200037 200037 208202 208202 208202 216052 218079 218079 218079 216052
100 0
1398 13978 13978 13978 15682 15682 30289 30289 30289 35895 35895 38222 38222 47119 47119 47119 56107 64144 64144 64144 64144 80390 80390 80390 87176 87176 94139 102379 102379 102379 102379 113475 113475 117822 117822 117822 135877 137895 137895 137895 137895 148416 148416 152096 152096 152096 165240 167560 167560 167560 167560 175449 185133 185133 185133 185133 202114 205053 205053 205053 205053 207373 212209 212209 212209 212209 224654 224654 230553 230553 230553 239826 242686 242686 242686 242686 251406 253485 253485 253485 253485 263093 263093 263093 272342 272342 281070 283386 283386 283386 283386 284888 284888 288737 288737 288737 297301 306100 306100 306100
100 0
7759 7759 7759 7759 19686 22488 22488 22488 19686 19686 29882 29882 29882 34731 34731 34731 42846 43568 43568 43568 45779 45779 45779 45779 62612 63695 63695 63695 64199 64199 68761 75661 75661 77007 81872 81872 81872 77007 77007 75661 68761 68761 64199 81872 92813 92813 101084 101084 101084 105490 110405 110817 110817 112580 112586 112586 112586 112580 112580 110817 110405 110405 105490 112586 126905 126905 126905 133021 133021 136035 136035 136035 133021 142632 142632 151430 151430 151430 142632 157182 164595 164595 164595 164595 169440 169440 169440 174538 182860 190316 190316 192345 192345 196840 196840 196840 192345 190316 182860 182860
100 0
18106 18106 18106 23848 24127 32760 35960 35960 39264 39264 40796 45333 45333 45333 40796 40796 39264 35960 32760 32760 24127 24127 45333 57192 57192 66977 66977 71386 71386 80966 80966 80966 71386 66977 88326 89912 97305 97305 97305 89912 89912 88326 97305 106331 114524 123793 123793 123793 114524 125339 125339 133535 139075 145671 145671 145671 139075 139075 133535 133535 125339 114524 145671 148081 148081 156689 157340 158549 160048 160048 160048 166553 175547 175547 175547 166553 166553 158549 158549 157340 157340 156689 175547 181834 181834 181834 188023 188023 190264 195841 195841 205643 206001 206001 206001 205643 205643 195841 190264 190264
100 0
9146 14634 14634 14634 14634 33758 41616 41616 41616 33758 41616 59692 62927 62927 62927 59692 62927 79846 89797 89797 89797 79846 89797 103421 103421 110651 110651 110651 110651 119731 119731 119731 120186 120186 120186 126940 132882 132882 132882 126940 132882 148405 148405 148405 157885 157885 157885 168341 171995 171995 171995 168341 171995 173232 173642 173642 173642 173232 173642 174315 174386 174386 174386 174315 174386 184618 186666 186666 186666 184618 186666 200268 200268 203667 203667 203667 203667 217487 217487 217487 220890 220890 220890 229819 238608 238608 238608 229819 238608 241460 241460 246872 254174 254174 257948 257948 257948 254174 246872 246872
100 0
14888 14888 21046 21046 21046 39380 39380 39380 44893 44893 55267 55267 61590 61590 61590 74161 74161 74161 83881 83881 87411 87411 91097 91097 91097 100686 106153 106153 106153 106153 112815 112815 122026 122026 122026 138940 145784 145784 145784 145784 155979 158786 158786 158786 158786 164301 164732 164732 164732 164732 173553 182816 182816 182816 182816 194537 194537 194537 201834 201834 213617 222294 222294 222294 222294 235231 235231 235231 245001 245001 251918 252859 252859 252859 252859 259593 259593 259593 261756 261756 269704 269704 279252 279252 279252 294460 301050 301050 301050 301050 316400 316400 322249 322249 322249 333734 333734 339895 339895 339895
100 0
10042 17702 17702 17702 10042 10042 17702 33370 33370 33370 40872 42685 42685 42685 40872 40872 42685 59337 62614 62614 63973 63973 63973 62614 59337 59337 63973 68867 73138 81478 81478 81478 73138 73138 68867 68867 81478 91039 91039 96290 102351 102351 102351 96290 96290 91039 102351 109582 109582 115626 123414 123414 123414 115626 115626 109582 123414 134761 135228 135228 136152 136152 136152 135228 134761 134761 136152 143661 143661 147901 155829 155829 155829 147901 147901 143661 155829 165377 165377 167035 172085 172085 172085 167035 167035 165377 172085 181395 190550 199541 199541 199541 190550 190550 181395 181395 199541 211083 211083 211083
100 0
9964 9964 9964 17427 17427 17427 23051 23051 23051 38802 38802 38802 42601 42601 42601 49864 49864 49864 56627 56627 56627 63436 63436 64822 64822 64822 64822 69903 69903 72204 72204 72204 72204 83488 85893 85893 85893 83488 85893 99067 99067 99067 107833 107833 107833 118543 119713 119713 119713 118543 119713 127995 133666 133666 133666 127995 133666 138972 144660 144660 144660 138972 144660 154989 154989 154989 159319 159319 159319 170358 170358 174190 174190 174190 174190 185289 185289 192937 192937 192937 192937 207352 207352 207352 214359 214359 214359 223664 223664 223664 231209 239620 239620 248822 251131 251131 251131 248822 248822 239620
100 0
5993 5993 5993 5993 17073 17073 17073 25203 25203 25203 31781 31781 41538 41538 41538 41538 45143 48284 48284 48284 45143 48284 59766 68420 68420 68420 59766 68420 75290 75290 76138 76138 76138 76138 79842 82663 82663 82663 79842 82663 90692 90692 91930 91930 91930 91930 109838 117087 117087 117087 109838 117087 132337 139845 139845 139845 132337 139845 153253 158057 158057 158057 153253 158057 170827 170827 170827 171635 171635 171635 177201 179117 179117 179117 177201 179117 190690 190690 190690 191287 191287 191287 193513 193513 193513 202852 202852 202852 213983 213983 213983 218047 218047 219617 221169 221169 221169 219617 219617 218047
100 0
7582 7582 7582 12538 12538 20280 20280 20280 22068 22068 36393 36393 36393 45599 45599 54932 60047 60047 60047 60047 68634 68634 76510 76510 76510 80799 80799 81622 81622 81622 89847 89847 99217 99217 99217 110854 117018 117018 117018 117018 123646 123646 126899 126899 126899 138776 143297 143297 143297 143297 157377 157377 157377 166338 166338 179393 179393 179393 181289 181289 187824 187824 190497 190497 190497 198431 200080 200080 200080 200080 207159 209096 209096 209096 209096 216622 216622 223528 223528 223528 233121 235572 235572 235572 235572 244200 244378 244378 244378 244378 260046 260046 265271 265271 265271 278353 288023 288023 288023 288023
100 0
4155 4155 4155 10200 16931 16931 21178 21178 21178 23865 23865 23865 16931 10200 23865 34329 41850 41850 41850 34329 34329 48270 48270 48270 58249 59413 59413 59413 58249 58249 59970 59970 59970 62922 62922 72347 72347 78157 78157 83989 83989 83989 78157 85316 85316 85885 85885 85885 91372 92371 92371 92371 91372 91372 92371 98074 101957 101957 101957 98074 109411 109411 109411 117480 127423 129096 129699 129699 129699 129096 129096 127423 127423 117480 129699 141520 141520 147928 147928 150930 155088 155878 155878 160616 162876 162876 162876 160616 160616 155878 155088 155088 150930 150930 162876 175411 178456 178456 178456 175411
100 0
12242 12242 12242 12242 17773 19299 25047 25047 25047 19299 19299 17773 17773 25047 26716 26716 26716 27618 37352 37352 37352 27618 27618 37352 44835 47704 56398 56398 56398 47704 47704 44835 44835 56398 67327 77024 77024 77024 83572 83572 83572 67327 67327 83572 100051 104213 104213 110779 110779 110779 104213 100051 100051 110779 123143 123143 123143 123982 123982 123982 125721 125721 125721 125721 133688 141551 146311 146311 146311 141551 141551 133688 133688 146311 164781 166704 172844 172844 172844 166704 166704 164781 164781 172844 182529 189076 189076 189076 182529 192257 192257 192257 182529 192257 195555 195555 195555 203220 203220 203220
100 0
14982 14982 23169 23169 23169 30039 30039 30039 49221 51658 51658 51658 49221 51658 63782 69475 69475 69475 63782 69475 75490 75490 84601 84601 84601 84601 90034 90034 99939 99939 99939 99939 115553 115553 115905 115905 115905 115905 116794 116794 120581 120581 120581 120581 131279 131279 131279 138933 138933 138933 149168 149168 154485 154485 154485 154485 163509 163509 163698 163698 163698 163698 174905 177753 177753 177753 174905 177753 186006 186006 186006 188734 188734 188734 195972 198496 198496 198496 195972 198496 200616 200616 209509 209509 209509 209509 218023 224210 224210 227805 229569 229569 233437 233437 233437 229569 227805 227805 224210 218023
100 0
13652 13652 13652 31485 38932 38932 38932 38932 52022 52022 52022 54960 54960 58951 68698 68698 68698 68698 84249 84249 92402 92402 92402 110488 120263 120263 120263 120263 128320 130329 130329 130329 130329 138059 145947 145947 145947 145947 157685 163459 163459 163459 163459 173560 174583 174583 174583 174583 183207 183675 183675 183675 183675 201505 201505 201505 210335 210335 215913 222921 222921 222921 222921 232210 241069 241069 241069 241069 257669 261560 261560 261560 261560 274666 274666 274666 281411 281411 290960 290960 290960 292765 292765 301114 302533 302533 302533 302533 314644 319492 319492 319492 319492 336153 336153 341978 341978 341978 358489 358489
100 0
2281 12343 12343 19735 19735 19735 32966 33055 33055 33055 33055 41316 43768 43768 43768 43768 49420 49420 49669 49669 49669 65494 65494 69998 69998 69998 79622 81276 81276 81276 81276 97268 97268 97274 97274 97274 111792 115307 115307 115307 115307 118481 121531 121531 121531 121531 133185 139198 139198 139198 139198 141749 141749 141749 150854 150854 164581 167370 167370 167370 167370 178515 178515 179972 179972 179972 198251 198251 198251 207242 207242 211866 211866 221644 221644 221644 229604 229604 238549 238549 238549 246861 246861 254036 254036 254036 270023 279603 279603 279603 279603 283533 283533 293177 293177 293177 310983 315787 315787 315787
100 0
9173 26431 31720 31720 31720 26431 31720 45169 49460 49460 49460 45169 49460 68078 71325 71325 71325 68078 71325 86153 89747 89747 89747 86153 89747 98621 106813 106813 106813 98621 106813 117190 117190 117190 125386 125386 125386 132574 134060 134060 134060 132574 134060 148942 148942 156172 156172 156172 156172 160148 160797 160797 160797 160148 160797 176638 176638 184574 184574 184574 184574 188348 191075 191075 191075 188348 191075 196203 196203 203409 203409 203409 203409 219273 219273 219273 228986 228986 228986 237085 246646 246646 246646 237085 246646 259439 259439 259576 259576 260360 260360 260360 259576 259439 266048 266048 273353 273353 273353 266048
100 0
273353 279539 273353 279905 273353 286028 294818 286028 302872 286028 303295 307557 303295 311331 303295 319392 321818 319392 323021 319392 325077 329311 325077 339010 325077 341303 348255 341303 357150 341303 364553 374087 364553 374177 364553 376571 385569 376571 386271 376571 390067 392015 390067 396643 390067 398087 403242 398087 404462 398087 410933 417209 410933 420965 410933 424153 432903 424153 441799 424153 443039 448562 443039 451718 443039 453082 456664 453082 462244 453082 464809 466797 464809 472961 464809 481576 485856 481576 488971 481576 496479 504512 496479 513511 496479 517459 517884 517459 525879 517459 526879 527451 526879 533744 526879 539370 541384 539370 542830 539370
100 0
879341 734871 713236 94038 333510 230360 631756 931054 199973 617433 734511 92519 643532 490809 307741 289111 1000000 811514 947659 607268 390549 190983 65688 997940 85015 984963 428771 219677 467235 881139 890849 346575 132362 604084 440613 465871 350796 72368 396924 67120 206153 131434 1000000 849684 138594 467378 655146 275771 795243 119157 399390 702144 310139 981430 700083 911505 1000000 645205 131181 433627 42696 538382 780201 175057 658817 737165 640927 9612 325885 554202 76732 532037 201987 752721 898072 340580 736451 69569 132702 531693 188725 532091 1000000 15215 29872 450271 926720 996264 611827 57900 946242 654522 112633 242794 829578 1000000 979959 986856 297413 822195
